====================GRI Experiment Sample 1     ====================
====================Printing data to Scrap.txt====================
Data:
1000            101325          0               0               0               0.218758
0               0               0               0               0               0
0               0               0               0.0548386               0               0
0               0               0               0               0               0
0               0               0               0               0               0
0               0               0               0               0               0
0               0               0               0               0               0
0               0               0               0               0               0
0               0.713759                0.0126448               0               0               0

0
cp:
9668.88         20621.8         1646.47         982.822         1951.6          1937.76
1083.63         1045.24         1768.12         2228.72         2230.3          2488.7
2031.52         2668.98         1062.53         445.248         1209.47         1327.4
1035.18         564.275         1483.05         959.877         258.226         987.568
1173.4          1232.05         1186.59         456.301         422.439         245.725
1484.02         1934.22         2181.54         2092.47         1244.73         1168.91
712.796         426.399         1215.37         1154.58         694.976         845.767
511.506         511.578         731.641         701.671         559.4           979.059
520.331         202.907         176.02          658.477         892.617         0

cp mass mix:
883.239
Manual cp mass mix:
1066.75
CP with Chem function call
9668.88         20621.8         1646.47         982.822         1951.6          1937.76
1083.63         1045.24         1768.12         2228.72         2230.3          2488.7
2031.52         2668.98         1062.53         445.248         1209.47         1327.4
1035.18         564.275         1483.05         959.877         258.226         987.568
1173.4          1232.05         1186.59         456.301         422.439         245.725
1484.02         1934.22         2181.54         2092.47         1244.73         1168.91
712.796         426.399         1215.37         1154.58         694.976         845.767
511.506         511.578         731.641         701.671         559.4           979.059
520.331         202.907         176.02          658.477         892.617         0

CP mass mix with function call
5155.56
====================    Exiting without error   ====================


====================Gri experiment, Sample 1: Ignition====================
====================Printing data to Scrap.txt====================
Data:
1016.01         101325          0               4.91344e-10             1.69387e-09             0.216442

6.8323e-09              0.00152739              5.75687e-06             1.00629e-05             0
    5e-20
3.62938e-13             5.33129e-14             2.85918e-06             0.0534073               0.000725074
        8.20941e-06
2.99295e-10             0.000958275             4.91229e-12             1.12293e-08             2.71604e-05
        2.85e-18
2.1097e-08              1.45642e-12             4.46881e-05             2.07839e-09             0.00040552
        5.68843e-14
5.03541e-07             8.68132e-13             0               1e-19           1e-20           1.6e-19

6.02579e-15             6.2553e-16              4.21165e-15             3.97784e-10             2.5e-19
    0
2.28e-18                0               0               0               0               1.46e-18

3e-20           0.713759                0.0126448               1.28202e-11             7.45563e-08
    7.1151e-11
5.09728e-10
cp:
9668.88         20621.8         1646.47         982.822         1951.6          1937.76
1083.63         1045.24         1768.12         2228.72         2230.3          2488.7
2031.52         2668.98         1062.53         445.248         1209.47         1327.4
1035.18         564.275         1483.05         959.877         258.226         987.568
1173.4          1232.05         1186.59         456.301         422.439         245.725
1484.02         1934.22         2181.54         2092.47         1244.73         1168.91
712.796         426.399         1215.37         1154.58         694.976         845.767
511.506         511.578         731.641         701.671         559.4           979.059
520.331         202.907         176.02          658.477         892.617         0

cp mass mix:
883.191
Manual cp mass mix:
1066.57
CP with Chem function call
9668.88         20621.8         1646.47         982.822         1951.6          1937.76
1083.63         1045.24         1768.12         2228.72         2230.3          2488.7
2031.52         2668.98         1062.53         445.248         1209.47         1327.4
1035.18         564.275         1483.05         959.877         258.226         987.568
1173.4          1232.05         1186.59         456.301         422.439         245.725
1484.02         1934.22         2181.54         2092.47         1244.73         1168.91
712.796         426.399         1215.37         1154.58         694.976         845.767
511.506         511.578         731.641         701.671         559.4           979.059
520.331         202.907         176.02          658.477         892.617         0

CP mass mix with function call
5108.21
