184294817419630422265713113488499068184297472.00000000000000000000		-508562385090618771231883199526800126377984.00000000000000000000		1344158901493895787839287433598416615112704.00000000000000000000		-1969663527221920476131086736832135985889280.00000000000000000000		51034048500881699604297172844617450651648.00000000000000000000		1859142356398883074142668455275026544852992.00000000000000000000		185371664497243244618077084851061653504000.00000000000000000000		-1290118045626974933156760330722490955333632.00000000000000000000		-7223068469806732170731534300121260883968.00000000000000000000				 0.00005000000000000000Mass fraction error : 7215273997300213866367709267424569255264256.00000000000000000000
900.02575278032691130647		0.27429753480357876860		0.72572470887275153384		0.00000000000000000000		0.00001926343849891528		0.00005773877176464955		0.00000807880042295671		0.00000000000000000000		0.00000000000000000000				 0.00002000000000000000		0.07149980000000000224
900.00216564697109333792		0.27431203224649441941		0.72568621015501499905		0.00000000001606002298		0.00000000000660589826		0.00000051708607289235		0.00000000004086489757		0.00000148251797460839		0.00000001422588102486				 0.00001000000000000000		0.01975800000000000126
900.00031560169895783474		0.27431212100327073689		0.72568763277131320688		0.00000000000459338336		0.00000000000124991688		0.00000008515027826657		0.00000000001037349467		0.00000023462658385292		0.00000000236222094955				 0.00000400000000000000		0.02237940000000000068
900.00000122193932838854		0.27431213524892850142		0.72568785829306992063		0.00000000000212569994		0.00000000000057418245		0.00000000059237461457		0.00000000000480090592		0.00000000582151349331		0.00000000003661203967				 0.00000200000000000000		0.02304629999999999873
900.00000122339804420335		0.27431213524869108022		0.72568785828715176578		0.00000000000212575929		0.00000000000057419870		0.00000000059295978935		0.00000000000480103993		0.00000000582701912581		0.00000000003667705095				 0.00000100000000000000		0.03413379999999999886
900.00000122339918107173		0.27431213524869085818		0.72568785828715132169		0.00000000000212575929		0.00000000000057419870		0.00000000059295981407		0.00000000000480103993		0.00000000582701902654		0.00000000003667721709				 0.00000050000000000000		0.05708549999999999736
900.00000122340748021088		0.27431213524868630627		0.72568785828700832496		0.00000000000212576091		0.00000000000057419907		0.00000000059297168730		0.00000000000480104358		0.00000000582717688526		0.00000000003665539619				 0.00000010000000000000		0.13540130000000000221
900.00000122340975394764		0.27431213524869102471		0.72568785828709958530		0.00000000000212575983		0.00000000000057419884		0.00000000059296464679		0.00000000000480104115		0.00000000582707030411		0.00000000003667484053				 0.00000001000000000000		0.74725799999999997780
184294817419630422265713113488499068184297472.00000000000000000000		-508562385090618771231883199526800126377984.00000000000000000000		1344158901493895787839287433598416615112704.00000000000000000000		-1969663527221920476131086736832135985889280.00000000000000000000		51034048500881699604297172844617450651648.00000000000000000000		1859142356398883074142668455275026544852992.00000000000000000000		185371664497243244618077084851061653504000.00000000000000000000		-1290118045626974933156760330722490955333632.00000000000000000000		-7223068469806732170731534300121260883968.00000000000000000000				 0.00005000000000000000Mass fraction error : 7215273997300213866367709267424569255264256.00000000000000000000
-2761325913843749888.00000000000000000000		180247119101070.62500000000000000000		1433921776801737.50000000000000000000		1146251815396656.75000000000000000000		-2778843825549657.00000000000000000000		-164421008825717.31250000000000000000		-2882275389135.64941406250000000000		186421688936229.06250000000000000000		150234577028.66604614257812500000				 0.00022000000000000001Mass fraction error : 5528544967432077312.00000000000000000000
900.00037998512527792627		0.27431211539571997982		0.72568752269978165081		0.00000000000551818664		0.00000000000159592440		0.00000009954529810978		0.00000000001244296343		0.00000030452021991861		0.00000003374930752834				 0.00000400000000000000		0.07570839999999999514
900.00002100150402384315		0.27431213254210629060		0.72568779399240435080		0.00000000000275088729		0.00000000000075558865		0.00000000730627471091		0.00000000000621272055		0.00000006218259265669		0.00000000396690211831				 0.00000200000000000000		0.13410340000000001148
900.00002100403116855887		0.27431213254179909189		0.72568779398537963665		0.00000000000275095379		0.00000000000075560890		0.00000000730704483451		0.00000000000621287073		0.00000006218843341385		0.00000000396762374414				 0.00000100000000000000		0.24750969999999999915
900.00002100406959471002		0.27431213254172781557		0.72568779398321958674		0.00000000000275097781		0.00000000000075561044		0.00000000730720129585		0.00000000000621292524		0.00000006219085263872		0.00000000396727751671				 0.00000050000000000000		0.36401580000000000048
900.00002100420942952042		0.27431213254173975047		0.72568779398372351697		0.00000000000275097149		0.00000000000075561322		0.00000000730718094463		0.00000000000621291071		0.00000006219016248899		0.00000000396747263664				 0.00000010000000000000		0.50430759999999996701
900.00002100406743466010		0.27431213254179109828		0.72568779398516880530		0.00000000000275095599		0.00000000000075560946		0.00000000730706328041		0.00000000000621287569		0.00000006218864382550		0.00000000396761282612				 0.00000001000000000000		4.37788229999999956021
