900.00038487338099457702		0.27431212799491738741		0.72568696839186630498		0.00000005072704347045		0.00000001393727363949		0.00000000000000000000		0.00000000000000000000		0.00000092427642055928		0.00000012741115289117				 0.00002000000000000000		0.01146639999999999986
899.44389431047761718219		0.27434065142344510324		0.72568398640085907125		0.00000000985471115112		0.00000000375378984061		0.00000018238934380595		0.00000000679795814542		0.00031610533508098792		0.00000552341652324622				 0.00001000000000000000		0.01728060000000000013
900.15607850655669608386		0.27432463900341280683		0.72594571142403940822		0.00000000068791134900		0.00000000057662350839		0.00000043886632447264		0.00000000155324003760		0.00000075334087743291		0.00012394224884794471				 0.00000500000000000000		0.01529529999999999952
900.00000190779076092440		0.27431213520689257113		0.72568785750188857797		0.00000000000213504612		0.00000000000057609731		0.00000000077431153821		0.00000000000481804231		0.00000000653197088474		0.00000000004513327616				 0.00000400000000000000		0.01319110000000000074
900.00000122309950256749		0.27431213524873820919		0.72568785828831428031		0.00000000000212574768		0.00000000000057419553		0.00000000059284084186		0.00000000000480101373		0.00000000582594235161		0.00000000003666376035				 0.00000200000000000000		0.01328569999999999925
900.00000122339758945600		0.27431213524869152431		0.72568785828716719788		0.00000000000212575912		0.00000000000057419866		0.00000000059295938522		0.00000000000480103955		0.00000000582700329688		0.00000000003667720753				 0.00000100000000000000		0.01676060000000000050
900.00000122340122743481		0.27431213524869085818		0.72568785828715121067		0.00000000000212575929		0.00000000000057419870		0.00000000059296059513		0.00000000000480103993		0.00000000582701876789		0.00000000003667732762				 0.00000050000000000000		0.02515540000000000137
900.00000122340793495823		0.27431213524868630627		0.72568785828700832496		0.00000000000212576091		0.00000000000057419907		0.00000000059297177356		0.00000000000480104358		0.00000000582717688227		0.00000000003665540619				 0.00000010000000000000		0.04627139999999999725
900.00000122340975394764		0.27431213524869102471		0.72568785828709958530		0.00000000000212575983		0.00000000000057419884		0.00000000059296465164		0.00000000000480104115		0.00000000582707030464		0.00000000003667484096				 0.00000001000000000000		0.23580360000000000209
-1293.73887387668037263211		0.37023479756586902267		0.49314042593025086969		0.05714331009464423961		-0.12064523806158181096		-0.97622645919599604358		-0.01641312040067501379		1.17686927128666729558		0.01589722553290608131				 0.00012000000000000002Mass fraction error : 2589.70431760142946586711
-143356915565624012391113112521272461132786441388032.00000000000000000000		1444955737577630017928106234882509626130038784.00000000000000000000		-37564045281840674476944028987370458004861222912.00000000000000000000		8752659201597947090179680046156921898742579200.00000000000000000000		-70104387630305901295162346920399328480189218816.00000000000000000000		-26246712202284465789379008374095828622508032000.00000000000000000000		1662153204037298590053499225329030467007021056.00000000000000000000		113094765774859071807445987281796236041238085632.00000000000000000000		8960611193928708055873641754778283059426885632.00000000000000000000				 0.00043500000000000006Mass fraction error : 286981661421474431121900409675982898022470417121280.00000000000000000000
900.00002182260709560069		0.27431213249134445142		0.72568779306460584611		0.00000000000276081611		0.00000000000075796110		0.00000000751133809204		0.00000000000623178770		0.00000006293159553666		0.00000000405909102369				 0.00000400000000000000		0.02944010000000000030
900.00002100352480738366		0.27431213254185921047		0.72568779398675953285		0.00000000000275094077		0.00000000000075560495		0.00000000730688975243		0.00000000000621284132		0.00000006218728923744		0.00000000396748284775				 0.00000200000000000000		0.04580639999999999712
900.00002100402900850895		0.27431213254179964700		0.72568779398539906555		0.00000000000275095360		0.00000000000075560885		0.00000000730704394591		0.00000000000621287029		0.00000006218841577489		0.00000000396762239110				 0.00000100000000000000		0.08055170000000000385
900.00002100407061789156		0.27431213254172820415		0.72568779398323035590		0.00000000000275097772		0.00000000000075561313		0.00000000730720149281		0.00000000000621292484		0.00000006219084236498		0.00000000396727936756				 0.00000050000000000000		0.10905760000000000454
900.00002100420988426777		0.27431213254173975047		0.72568779398372351697		0.00000000000275097150		0.00000000000075561322		0.00000000730718104890		0.00000000000621291071		0.00000006219016262028		0.00000000396747266262				 0.00000010000000000000		0.16756240000000000023
900.00002100406743466010		0.27431213254179109828		0.72568779398516869428		0.00000000000275095599		0.00000000000075560946		0.00000000730706328706		0.00000000000621287569		0.00000006218864383945		0.00000000396761282827				 0.00000001000000000000		1.20651649999999999174
