4469035.12818010896444320679		-106.87627230545778900250		-820.62022590980564018537		46.41794820685210964939		28.98979822541711470762		848.95914763422354099021		10.41778262922967179804		-6.00789622527726407952		-0.27689387342390597846				 0.00015000000000000001Mass fraction error : 1867.56596500985324382782
-22897352122263698039092302315520.00000000000000000000		296812675885421721590693888.00000000000000000000		-1932361766299738204807364608.00000000000000000000		710444519538258963838533632.00000000000000000000		-2186124490813355656321433600.00000000000000000000		-3007357794625364990466457600.00000000000000000000		-22641675085149828471062528.00000000000000000000		5988836108106973412480516096.00000000000000000000		152392423289614394680410112.00000000000000000000				 0.00020000000000000001Mass fraction error : 45809001215981036328747005902848.00000000000000000000
16116170333700932065434773214986240.00000000000000000000		-244969396326113258085432688640.00000000000000000000		-981295833298453547224412454912.00000000000000000000		1775931735183149480787893551104.00000000000000000000		1473928831610399367649753563136.00000000000000000000		3378909340809752114359215063040.00000000000000000000		-62887368939998555019721834496.00000000000000000000		-5529632725215640038546788581376.00000000000000000000		190013522452784893037589299200.00000000000000000000				 0.00006000000000000001Mass fraction error : 13637568753836530684362871537664.00000000000000000000
-19352703936290.02343750000000000000		203983262.56766894459724426270		-989769816.19874501228332519531		77670078.21305541694164276123		-3338001656.50466823577880859375		-2182307493.79199409484863281250		51283890.87942396104335784912		6242275392.35521697998046875000		-65133656.51528840512037277222				 0.00004000000000000000Mass fraction error : 38718558297826.07812500000000000000
-163014656336.14010620117187500000		867481.66253761213738471270		-43244479.77482375502586364746		18305213.17373890802264213562		-26968783.12573536485433578491		-3808460.90996686462312936783		-170834.79422819617320783436		67284304.26228633522987365723		-12264439.50858727470040321350				 0.00043500000000000006Mass fraction error : 326202226668.49206542968750000000
900.00006549338002059812		0.05926665628262409169		0.94073327791644545393		0.00000000000500581312		0.00000000000136395217		0.00000000884555605284		0.00000000000188430486		0.00000005427675751251		0.00000000285795898808				 0.00000400000000000000		0.02934509999999999896
900.00005606905710919818		0.05926665651261053130		0.94073328190601157583		0.00000000000495258927		0.00000000000134579706		0.00000000799846804701		0.00000000000186426993		0.00000005163781704425		0.00000000193693041789				 0.00000200000000000000		0.02333709999999999951
900.00005607821697140025		0.05926665651231251275		0.94073328190025584661		0.00000000000495266799		0.00000000000134588391		0.00000000799941964953		0.00000000000186429472		0.00000005164168542469		0.00000000193816490725				 0.00000100000000000000		0.03410459999999999881
900.00005607607715774066		0.05926665651247377958		0.94073328190445870689		0.00000000000495260534		0.00000000000134598562		0.00000000799893690702		0.00000000000186426220		0.00000005163740778702		0.00000000193856133573				 0.00000050000000000000		0.05788190000000000002
900.00005607639855043089		0.05926665651251412925		0.94073328190584082353		0.00000000000495257673		0.00000000000134578370		0.00000000799882558791		0.00000000000186426636		0.00000005163567114182		0.00000000193898588660				 0.00000010000000000000		0.15137269999999999892
900.00005607626212622563		0.05926665651253643780		0.94073328190648108915		0.00000000000495256632		0.00000000000134578135		0.00000000799876063779		0.00000000000186426245		0.00000005163495906806		0.00000000193909956863				 0.00000001000000000000		1.18177149999999997476
