-81441115165944171238185736537565046464569147392.00000000000000000000		2397754969844219946629607873830121746989056.00000000000000000000		-811131835804344000788725432570203588263936.00000000000000000000		-1278565444605892911086114957054971868086272.00000000000000000000		-8273527596979983527536700078167443327942656.00000000000000000000		-23896120460378815086818799444655636377239552.00000000000000000000		-215917352563118324813479159312536154669056.00000000000000000000		31975803959480021734533569827511176209104896.00000000000000000000		101703761000317659196196042275855571877888.00000000000000000000				 0.00004000000000000000Mass fraction error : 162951180857269017945263583657806836735093506048.00000000000000000000
-157097621396893075661089080956623155771869213307640479744.00000000000000000000		-21091698439975376509435846797385328257326660733370368.00000000000000000000		-740216040260623793636784138373006404031330016787693568.00000000000000000000		385422337070744769581079569294285579469427767519477760.00000000000000000000		122048743623194354575475662243548118008163142725533696.00000000000000000000		218663984773072951714685902472534220487694989171621888.00000000000000000000		-12696804106923244966469524427609085725041027675324416.00000000000000000000		26133298744105933942350823977229677820980410483474432.00000000000000000000		21736178603799315358783723505119446891573759640076288.00000000000000000000				 0.00010000000000000000Mass fraction error : 315743251879408601371955562412144539646357523924370063360.00000000000000000000
-4741463801147271398480679416113641360637536000540672.00000000000000000000		49203664120995943333947312461748655062756884480.00000000000000000000		-633015606184085147461396343313627674507034492928.00000000000000000000		40798297593691296681882473784546308935903084544.00000000000000000000		-1151621537748069486079130824882822948194680307712.00000000000000000000		-731474420058972984356816694787434196218689880064.00000000000000000000		26995814225428461763456804729863798933384331264.00000000000000000000		2376786983802234937261558422213946768722415845376.00000000000000000000		22326804243943449935539415194001584884503543808.00000000000000000000				 0.00005000000000000000Mass fraction error : 9487959825422519659023310270559478081643006853644288.00000000000000000000
54560946584940707840.00000000000000000000		-169247878555929.21875000000000000000		1824152439791849.50000000000000000000		5825837391201315.00000000000000000000		6499038755004394.00000000000000000000		11192561385666314.00000000000000000000		-599209113110470.50000000000000000000		-20439231533495708.00000000000000000000		-4133901447300689.00000000000000000000				 0.00014000000000000001Mass fraction error : 50683179944124416.00000000000000000000
-437.43288797387299382535		0.00745798003846548374		-4.12698307647302620182		2.57534336449314604778		0.76831191612604787800		1.40325775462736657140		-0.08419154451218462121		0.31553303969003188012		0.14127131066831802308				 0.00007999999999999999Mass fraction error : 883.28812593437464784074
900.00003682885642319889		0.14383656631187005659		0.85616335799094855918		0.00000000000359286153		0.00000000000098233286		0.00000000822079383838		0.00000000000360639004		0.00000006399069764220		0.00000000347750815770				 0.00000200000000000000		0.04545559999999999878
900.00003682885903799615		0.14383656631175242846		0.85616335798729270579		0.00000000000359290628		0.00000000000098212460		0.00000000822107145035		0.00000000000360645051		0.00000006399488879310		0.00000000347681398132				 0.00000100000000000000		0.06117279999999999940
900.00003682906060475943		0.14383656631172406226		0.85616335798654263911		0.00000000000359291301		0.00000000000098188511		0.00000000822114137532		0.00000000000360647449		0.00000006399563971897		0.00000000347677092795				 0.00000050000000000000		0.05913659999999999750
900.00003682900558032998		0.14383656631182265007		0.85616335798957232672		0.00000000000359287857		0.00000000000098233688		0.00000000822090247427		0.00000000000360640714		0.00000006399218203618		0.00000000347733667954				 0.00000010000000000000		0.15621029999999999638
900.00003682882311295543		0.14383656631186650388		0.85616335799080789393		0.00000000000359286339		0.00000000000098233329		0.00000000822079449323		0.00000000000360639190		0.00000006399085926331		0.00000000347749018675				 0.00000001000000000000		1.17556419999999994808
