-452475512819623926612432622503180105276194816.00000000000000000000		54914399546181415216748033833641546088448.00000000000000000000		134092428529257385486936726456631304388608.00000000000000000000		231750381008651640931137192487902894882816.00000000000000000000		-61259252987072247476951306234461958438912.00000000000000000000		-218524263131399084166946681043025181802496.00000000000000000000		-23238089275126421265447425900478585634816.00000000000000000000		-117841211824489122117714272888471683072000.00000000000000000000		104148760827062646487743226877736648704.00000000000000000000				 0.00010000000000000000Mass fraction error : 905792749814310875292628412477672906899324928.00000000000000000000
68982051984.22570800781250000000		235063004.26201170682907104492		568664915.43843436241149902344		591353207.59033298492431640625		-388074605.84405130147933959961		-1021196102.03109097480773925781		-99512325.96387057006359100342		82666335.27375479042530059814		2214535.34120740415528416634				 0.00006000000000000001Mass fraction error : 2988745030.74475097656250000000
900.00057234719827192748		0.14383654861571887329		0.85616305747612142518		0.00000000011782334461		0.00000000008382400292		0.00000009323706745477		0.00000000003398201305		0.00000032693977508501		0.00000000757722746721				 0.00001000000000000000		0.02417839999999999920
900.00000255253758041363		0.14383656912351172608		0.85616342396212163912		0.00000000000286223785		0.00000000000077276132		0.00000000070510974119		0.00000000000287190657		0.00000000616915430762		0.00000000003365976828				 0.00000500000000000000		0.01580209999999999948
900.00000332189461005328		0.14383656905112932045		0.85616342219319208073		0.00000000000288174590		0.00000000000077828499		0.00000000089754139481		0.00000000000289218528		0.00000000780142591825		0.00000000005015899248				 0.00000400000000000000		0.01704320000000000140
900.00000251026824571454		0.14383656912746647927		0.85616342405874601429		0.00000000000286012820		0.00000000000077251751		0.00000000069452487579		0.00000000000287096110		0.00000000607989970198		0.00000000003285944574				 0.00000200000000000000		0.02855210000000000040
900.00000251025346642564		0.14383656912746783929		0.85616342405878098631		0.00000000000286012779		0.00000000000077251740		0.00000000069452104713		0.00000000000287096070		0.00000000607986670373		0.00000000003285937624				 0.00000100000000000000		0.03625099999999999850
900.00000251025119268888		0.14383656912745626522		0.85616342405841505681		0.00000000000286012896		0.00000000000077212143		0.00000000069455237901		0.00000000000287099013		0.00000000608029601583		0.00000000003277787782				 0.00000050000000000000		0.04050639999999999796
900.00000251027609010634		0.14383656912746192735		0.85616342405861645126		0.00000000000286012982		0.00000000000077251787		0.00000000069453612053		0.00000000000287096273		0.00000000608004560458		0.00000000003283495569				 0.00000010000000000000		0.10558309999999999917
900.00000251027472586429		0.14383656912746536904		0.85616342405872158938		0.00000000000286012848		0.00000000000077251758		0.00000000069452715602		0.00000000000287096139		0.00000000607992420273		0.00000000003285702679				 0.00000001000000000000		0.61992510000000000669
-452475512819623926612432622503180105276194816.00000000000000000000		54914399546181415216748033833641546088448.00000000000000000000		134092428529257385486936726456631304388608.00000000000000000000		231750381008651640931137192487902894882816.00000000000000000000		-61259252987072247476951306234461958438912.00000000000000000000		-218524263131399084166946681043025181802496.00000000000000000000		-23238089275126421265447425900478585634816.00000000000000000000		-117841211824489122117714272888471683072000.00000000000000000000		104148760827062646487743226877736648704.00000000000000000000				 0.00010000000000000000Mass fraction error : 905792749814310875292628412477672906899324928.00000000000000000000
338976635133461886749271100751872.00000000000000000000		-40044829292846147827167920128.00000000000000000000		-103395396823564334460741615616.00000000000000000000		-167282747114832337037382647808.00000000000000000000		42551747171463132074427285504.00000000000000000000		160504411216153194784922533888.00000000000000000000		16787567705613749226693459968.00000000000000000000		90898917654305976818520293376.00000000000000000000		-19820674722535803736555520.00000000000000000000				 0.00008000000000000001Mass fraction error : 621485437653429815623167246336.00000000000000000000
68982051984.22570800781250000000		235063004.26201170682907104492		568664915.43843436241149902344		591353207.59033298492431640625		-388074605.84405130147933959961		-1021196102.03109097480773925781		-99512325.96387057006359100342		82666335.27375479042530059814		2214535.34120740415528416634				 0.00006000000000000001Mass fraction error : 2988745030.74475097656250000000
-13465665171148.20703125000000000000		2662754285.60771465301513671875		2838663473.37915897369384765625		12659323509.19394302368164062500		-5548962238.32237625122070312500		-9184675859.83134460449218750000		-1239312981.64031934738159179688		-2465463525.22630453109741210938		-32456757.97106685489416122437				 0.00014000000000000001Mass fraction error : 26967961954926.58593750000000000000
900.00003688855690597848		0.14383656630739649618		0.85616335788908315418		0.00000000000359507912		0.00000000000098256180		0.00000000823288015068		0.00000000000360733224		0.00000006407651992973		0.00000000348599928518				 0.00000500000000000000		0.05973969999999999975
900.00003811553301602544		0.14383656621613760684		0.85616335581924929432		0.00000000000361697447		0.00000000000098930240		0.00000000847851550999		0.00000000000362995927		0.00000006580898446780		0.00000000366887652550				 0.00000400000000000000		0.07290349999999999608
900.00003682879480493284		0.14383656631187158315		0.85616335799095899528		0.00000000000359286155		0.00000000000098233285		0.00000000822078086875		0.00000000000360639006		0.00000006399070070982		0.00000000347750606485				 0.00000200000000000000		0.13178609999999998936
900.00003682888996081601		0.14383656631174127072		0.85616335798695197834		0.00000000000359291248		0.00000000000098234561		0.00000000822109662037		0.00000000000360644107		0.00000006399525729170		0.00000000347677176616				 0.00000100000000000000		0.18494430000000000591
900.00003682903616208932		0.14383656631172481166		0.85616335798656684197		0.00000000000359291140		0.00000000000098172722		0.00000000822113739103		0.00000000000360648410		0.00000006399562420145		0.00000000347676660276				 0.00000050000000000000		0.20780119999999999147
900.00003682900501189579		0.14383656631182265007		0.85616335798957254877		0.00000000000359287857		0.00000000000098233688		0.00000000822090235817		0.00000000000360640714		0.00000006399218191981		0.00000000347733665810				 0.00000010000000000000		0.46658490000000002462
900.00003682882311295543		0.14383656631186650388		0.85616335799080789393		0.00000000000359286339		0.00000000000098233329		0.00000000822079448830		0.00000000000360639190		0.00000006399085925129		0.00000000347749018520				 0.00000001000000000000		4.20062029999999975161
