900.40243486703457165277		0.05931098269160549330		0.93899861241513893351		0.00004605839215216962		0.00087059471462603677		0.00000000000000000000		0.00000000000000000000		0.00155961447529694565		0.00000165350869505218				 0.00005000000000000000		0.17695700000000000318
900.00293661114301357884		0.05926660401485776830		0.94073243860619704115		0.00000000001920029207		0.00000000000533812490		0.00000037272104169993		0.00000000000721339102		0.00000091691154117629		0.00000000425279898940				 0.00002000000000000000		0.01907990000000000033
900.00273061738596425130		0.05926654277112335806		0.94073205292055861459		0.00000000000000000000		0.00000043448105154368		0.00000033077725407179		0.00000001750279550718		0.00000057390511142601		0.00000032869446914772				 0.00001000000000000000		0.01487250000000000030
900.00000413433622270531		0.05926665887924344872		0.94073333569595918302		0.00000000000416413299		0.00000000000112463812		0.00000000067058761340		0.00000000000156750560		0.00000000473253292814		0.00000000001482052743				 0.00000500000000000000		0.01662790000000000101
900.00000427894269705575		0.05926665887236808039		0.94073333553726445899		0.00000000000416649955		0.00000000000112527647		0.00000000069182986303		0.00000000000156838436		0.00000000487372371397		0.00000000001795376347				 0.00000400000000000000		0.01712549999999999836
900.00000433263210197765		0.05926665886970103325		0.94073333547477233640		0.00000000000416740963		0.00000000000112473106		0.00000000070006731250		0.00000000000156878730		0.00000000493041586937		0.00000000001818313285				 0.00000200000000000000		0.01861679999999999932
900.00000433258537668735		0.05926665886971223957		0.94073333547510118446		0.00000000000416742500		0.00000000000112555992		0.00000000070003243222		0.00000000000156873026		0.00000000493003744466		0.00000000001825525821				 0.00000100000000000000		0.02427589999999999956
900.00000433259799592633		0.05926665886971751313		0.94073333547527238085		0.00000000000416741204		0.00000000000112515670		0.00000000070001658994		0.00000000000156875586		0.00000000492982897059		0.00000000001830359844				 0.00000050000000000000		0.03604709999999999859
900.00000433265984156606		0.05926665886971959479		0.94073333547536042154		0.00000000000416741971		0.00000000000112552692		0.00000000070001011326		0.00000000000156873071		0.00000000492970229455		0.00000000001834632964				 0.00000010000000000000		0.09538099999999999357
900.00000433264324328775		0.05926665886972220382		0.94073333547543602773		0.00000000000416741850		0.00000000000112552665		0.00000000070000206426		0.00000000000156873025		0.00000000492961987916		0.00000000001835976776				 0.00000001000000000000		0.59822730000000001738
39225108043.55695343017578125000		-760475.35549767536576837301		-3772414.79953743703663349152		110248.09149919165065512061		389451.77533542597666382790		6761757.19603303819894790649		71009.07333237645798362792		-2633523.44574714731425046921		-166051.53463024317170493305				 0.00015000000000000001Mass fraction error : 14664930.27161407470703125000
72211717218666848.00000000000000000000		-3763435340757.80175781250000000000		-17361813996327.25976562500000000000		-13899377774529.08984375000000000000		4260122097306.84277343750000000000		15448111048021.42382812500000000000		1344163092591.07910156250000000000		14784636563073.51171875000000000000		4701759381.80452442169189453125				 0.00024000000000000003Mass fraction error : 70866361671967.00000000000000000000
-952.87930620298664052825		0.10500581500330970208		1.41300782545981040705		0.06485121814485632352		-0.14842183409498030389		-0.22684915580506478938		-0.00282756132272124179		-0.12105264186228473222		-0.08368799184206983377				 0.00032000000000000003Mass fraction error : 1906.92431644950852387410
900.01422735941434893903		0.05926635951766400651		0.94072866345548922240		0.00000000006311595641		0.00000000001969401666		0.00000150423317733985		0.00000000002364150690		0.00000317879035070866		0.00000059227816308045				 0.00001000000000000000		0.04098779999999999785
900.00005580761137480295		0.05926665652382712146		0.94073328215502627359		0.00000000000494892897		0.00000000000134476010		0.00000000796361869591		0.00000000000186292294		0.00000005142751104349		0.00000000192186017556				 0.00000500000000000000		0.05934650000000000342
900.00005600272152150865		0.05926665651568270576		0.94073328197625072367		0.00000000000495155670		0.00000000000134549054		0.00000000798898296659		0.00000000000186388242		0.00000005157612638482		0.00000000193479589764				 0.00000400000000000000		0.07185260000000000258
900.00005607773698557139		0.05926665651218004233		0.94073328189593485860		0.00000000000495273940		0.00000000000134581955		0.00000000799979004978		0.00000000000186432760		0.00000005164693806167		0.00000000193699627451				 0.00000200000000000000		0.05809000000000000274
900.00005607662035345129		0.05926665651238077065		0.94073328190176463970		0.00000000000495264650		0.00000000000134588385		0.00000000799920684216		0.00000000000186428615		0.00000005164041232453		0.00000000193807297613				 0.00000100000000000000		0.10708529999999999438
900.00005607614832570107		0.05926665651247058769		0.94073328190437932594		0.00000000000495264804		0.00000000000134764070		0.00000000799894511345		0.00000000000186415303		0.00000005163747698321		0.00000000193856481763				 0.00000050000000000000		0.19656319999999999348
900.00005607639764093619		0.05926665651251414313		0.94073328190584115660		0.00000000000495257673		0.00000000000134578370		0.00000000799882546779		0.00000000000186426636		0.00000005163567107739		0.00000000193898587288				 0.00000010000000000000		0.44775100000000001010
900.00005607626212622563		0.05926665651253643780		0.94073328190648108915		0.00000000000495256632		0.00000000000134578135		0.00000000799876063434		0.00000000000186426245		0.00000005163495906121		0.00000000193909956794				 0.00000001000000000000		4.19685329999999989781
