-452475512819623926612432622503180105276194816.00000000000000000000		54914399546181415216748033833641546088448.00000000000000000000		134092428529257385486936726456631304388608.00000000000000000000		231750381008651640931137192487902894882816.00000000000000000000		-61259252987072247476951306234461958438912.00000000000000000000		-218524263131399084166946681043025181802496.00000000000000000000		-23238089275126421265447425900478585634816.00000000000000000000		-117841211824489122117714272888471683072000.00000000000000000000		104148760827062646487743226877736648704.00000000000000000000				 0.00010000000000000000Mass fraction error : 905792749814310875292628412477672906899324928.00000000000000000000
68982051984.22570800781250000000		235063004.26201170682907104492		568664915.43843436241149902344		591353207.59033298492431640625		-388074605.84405130147933959961		-1021196102.03109097480773925781		-99512325.96387057006359100342		82666335.27375479042530059814		2214535.34120740415528416634				 0.00006000000000000001Mass fraction error : 2988745030.74475097656250000000
900.00057234719827192748		0.14383654861571887329		0.85616305747612142518		0.00000000011782334461		0.00000000008382400292		0.00000009323706745477		0.00000000003398201305		0.00000032693977508501		0.00000000757722746721				 0.00001000000000000000		0.05779719999999999996
900.00000255253758041363		0.14383656912351172608		0.85616342396212163912		0.00000000000286223785		0.00000000000077276132		0.00000000070510974119		0.00000000000287190657		0.00000000616915430762		0.00000000003365976828				 0.00000500000000000000		0.00737720000000000042
900.00000332189461005328		0.14383656905112932045		0.85616342219319208073		0.00000000000288174590		0.00000000000077828499		0.00000000089754139481		0.00000000000289218528		0.00000000780142591825		0.00000000005015899248				 0.00000400000000000000		0.00863560000000000022
900.00000251026824571454		0.14383656912746647927		0.85616342405874601429		0.00000000000286012820		0.00000000000077251751		0.00000000069452487579		0.00000000000287096110		0.00000000607989970198		0.00000000003285944574				 0.00000200000000000000		0.01679740000000000053
900.00000251025346642564		0.14383656912746783929		0.85616342405878098631		0.00000000000286012779		0.00000000000077251740		0.00000000069452104713		0.00000000000287096070		0.00000000607986670373		0.00000000003285937624				 0.00000100000000000000		0.02820140000000000147
900.00000251025119268888		0.14383656912745626522		0.85616342405841505681		0.00000000000286012896		0.00000000000077212143		0.00000000069455237901		0.00000000000287099013		0.00000000608029601583		0.00000000003277787782				 0.00000050000000000000		0.03431800000000000128
900.00000251027609010634		0.14383656912746192735		0.85616342405861645126		0.00000000000286012982		0.00000000000077251787		0.00000000069453612053		0.00000000000287096273		0.00000000608004560458		0.00000000003283495569				 0.00000010000000000000		0.10428279999999999494
900.00000251027472586429		0.14383656912746536904		0.85616342405872158938		0.00000000000286012848		0.00000000000077251758		0.00000000069452715602		0.00000000000287096139		0.00000000607992420273		0.00000000003285702679				 0.00000001000000000000		0.65425569999999999560
