-148895821181306235942136863412049741550190592.00000000000000000000		1958971952705334377272693783635184058368.00000000000000000000		-5014098544363669443009678548139897782272.00000000000000000000		-6964451927856068202410985485958299779072.00000000000000000000		-93972723539674069632957444658787432529920.00000000000000000000		-28547416539000080683529352578139181547520.00000000000000000000		2834376809443654106539835277291288526848.00000000000000000000		129370635203212362546198379463878941605888.00000000000000000000		334706591225675645841091782763993890816.00000000000000000000				 0.00002000000000000000Mass fraction error : 298060639743719955786204965485289725180772352.00000000000000000000
722.85417319606062847015		0.27833723978202362659		0.71976469522252739530		-0.00751551210157778374		-0.08892600008554685243		-0.04807286968256316295		0.00221080288139589853		0.14384221644715983190		0.00036603239250898410				 0.00004000000000000000Mass fraction error : 0.28903536859536416159
900.03683974964872049895		0.27431040847535498317		0.72566807383171716417		0.00000000031917519144		0.00000000009507640541		0.00001300396800287630		0.00000000038407255531		0.00001546124023359267		0.00000040017646608353				 0.00000400000000000000		0.01232899999999999968
900.00000113425039671711		0.27431213526318315443		0.72568785864799245644		0.00000000000212214203		0.00000000000057320762		0.00000000055727437926		0.00000000000479287155		0.00000000549151349973		0.00000000003254879706				 0.00000200000000000000		0.01227059999999999956
900.00000122340065900062		0.27431213524869113574		0.72568785828715154373		0.00000000000212575928		0.00000000000057419870		0.00000000059296058116		0.00000000000480103992		0.00000000582701875255		0.00000000003667728578				 0.00000100000000000000		0.01913789999999999936
900.00000122339986319275		0.27431213524869085818		0.72568785828715132169		0.00000000000212575929		0.00000000000057419870		0.00000000059296004371		0.00000000000480103993		0.00000000582701901388		0.00000000003667725007				 0.00000050000000000000		0.03552439999999999765
900.00000122339986319275		0.27431213524869108022		0.72568785828715154373		0.00000000000212575929		0.00000000000057419870		0.00000000059295982833		0.00000000000480103993		0.00000000582701905274		0.00000000003667723546				 0.00000010000000000000		0.09653319999999999956
900.00000122339997687959		0.27431213524869291209		0.72568785828715198782		0.00000000000212575929		0.00000000000057419870		0.00000000059295981999		0.00000000000480103993		0.00000000582701904287		0.00000000003667724069				 0.00000001000000000000		0.64818600000000003991
0.99499975125006223653		0.00499974876249990440		1.00000049998743789637				 0.00005000000000000000		0.00208420000000000003
0.99499975125006223653		0.00499974876249990440		1.00000049998743789637				 0.00005000000000000000		0.00198379999999999997
0.99499975125006223653		0.00499974876249990440		1.00000049998743789637				 0.00005000000000000000		0.00207870000000000017
