895.65224734972593978455		0.05863473072979438760		0.94039790509744880520		0.00000000000000000000		0.00000000000000000000		0.00338641088222291914		0.00036052155543954629		0.00060970076776597842		0.00000525924583049995				 0.00005000000000000000		0.17035690000000000555
16116170333700932065434773214986240.00000000000000000000		-244969396326113258085432688640.00000000000000000000		-981295833298453547224412454912.00000000000000000000		1775931735183149480787893551104.00000000000000000000		1473928831610399367649753563136.00000000000000000000		3378909340809752114359215063040.00000000000000000000		-62887368939998555019721834496.00000000000000000000		-5529632725215640038546788581376.00000000000000000000		190013522452784893037589299200.00000000000000000000				 0.00006000000000000001Mass fraction error : 13637568753836530684362871537664.00000000000000000000
-19352703936290.02343750000000000000		203983262.56766894459724426270		-989769816.19874501228332519531		77670078.21305541694164276123		-3338001656.50466823577880859375		-2182307493.79199409484863281250		51283890.87942396104335784912		6242275392.35521697998046875000		-65133656.51528840512037277222				 0.00004000000000000000Mass fraction error : 38718558297826.07812500000000000000
900.00000419629589032411		0.05926665887646366537		0.94073333563313332739		0.00000000000416507427		0.00000000000112488854		0.00000000067925020906		0.00000000000156784779		0.00000000478699665995		0.00000000001729842431				 0.00000500000000000000		0.01192690000000000070
900.00000427215979925677		0.05926665887271443528		0.94073333554545313095		0.00000000000416637714		0.00000000000112524351		0.00000000069076572496		0.00000000000156833829		0.00000000486622208350		0.00000000001798491480				 0.00000400000000000000		0.01244759999999999964
900.00000432648005244118		0.05926665887000931443		0.94073333548201276688		0.00000000000416732146		0.00000000000112552006		0.00000000069911571882		0.00000000000156869245		0.00000000492382518849		0.00000000001817555247				 0.00000200000000000000		0.01378189999999999971
900.00000433266700383683		0.05926665886970929747		0.94073333547504101038		0.00000000000416742497		0.00000000000112552691		0.00000000070004315779		0.00000000000156873272		0.00000000493008559471		0.00000000001825960159				 0.00000100000000000000		0.01024319999999999918
900.00000433260879617592		0.05926665886971743680		0.94073333547527249188		0.00000000000416743321		0.00000000000112600672		0.00000000070001705536		0.00000000000156869950		0.00000000492982611351		0.00000000001830466806				 0.00000050000000000000		0.01854489999999999958
900.00000433266063737392		0.05926665886971958092		0.94073333547536019950		0.00000000000416741971		0.00000000000112552692		0.00000000070001022162		0.00000000000156873071		0.00000000492970228929		0.00000000001834633882				 0.00000010000000000000		0.03530239999999999767
900.00000433264324328775		0.05926665886972220382		0.94073333547543602773		0.00000000000416741850		0.00000000000112552665		0.00000000070000206656		0.00000000000156873025		0.00000000492961987907		0.00000000001835976795				 0.00000001000000000000		0.19441130000000000910
4469035.12818010896444320679		-106.87627230545778900250		-820.62022590980564018537		46.41794820685210964939		28.98979822541711470762		848.95914763422354099021		10.41778262922967179804		-6.00789622527726407952		-0.27689387342390597846				 0.00015000000000000001Mass fraction error : 1867.56596500985324382782
-22897352122263698039092302315520.00000000000000000000		296812675885421721590693888.00000000000000000000		-1932361766299738204807364608.00000000000000000000		710444519538258963838533632.00000000000000000000		-2186124490813355656321433600.00000000000000000000		-3007357794625364990466457600.00000000000000000000		-22641675085149828471062528.00000000000000000000		5988836108106973412480516096.00000000000000000000		152392423289614394680410112.00000000000000000000				 0.00020000000000000001Mass fraction error : 45809001215981036328747005902848.00000000000000000000
16116170333700932065434773214986240.00000000000000000000		-244969396326113258085432688640.00000000000000000000		-981295833298453547224412454912.00000000000000000000		1775931735183149480787893551104.00000000000000000000		1473928831610399367649753563136.00000000000000000000		3378909340809752114359215063040.00000000000000000000		-62887368939998555019721834496.00000000000000000000		-5529632725215640038546788581376.00000000000000000000		190013522452784893037589299200.00000000000000000000				 0.00006000000000000001Mass fraction error : 13637568753836530684362871537664.00000000000000000000
-19352703936290.02343750000000000000		203983262.56766894459724426270		-989769816.19874501228332519531		77670078.21305541694164276123		-3338001656.50466823577880859375		-2182307493.79199409484863281250		51283890.87942396104335784912		6242275392.35521697998046875000		-65133656.51528840512037277222				 0.00004000000000000000Mass fraction error : 38718558297826.07812500000000000000
-163014656336.14010620117187500000		867481.66253761213738471270		-43244479.77482375502586364746		18305213.17373890802264213562		-26968783.12573536485433578491		-3808460.90996686462312936783		-170834.79422819617320783436		67284304.26228633522987365723		-12264439.50858727470040321350				 0.00043500000000000006Mass fraction error : 326202226668.49206542968750000000
900.00006549338002059812		0.05926665628262409169		0.94073327791644545393		0.00000000000500581312		0.00000000000136395217		0.00000000884555605284		0.00000000000188430486		0.00000005427675751251		0.00000000285795898808				 0.00000400000000000000		0.03123379999999999906
900.00005606905710919818		0.05926665651261053130		0.94073328190601157583		0.00000000000495258927		0.00000000000134579706		0.00000000799846804701		0.00000000000186426993		0.00000005163781704425		0.00000000193693041789				 0.00000200000000000000		0.02388739999999999961
900.00005607821697140025		0.05926665651231251275		0.94073328190025584661		0.00000000000495266799		0.00000000000134588391		0.00000000799941964953		0.00000000000186429472		0.00000005164168542469		0.00000000193816490725				 0.00000100000000000000		0.03732390000000000013
900.00005607607715774066		0.05926665651247377958		0.94073328190445870689		0.00000000000495260534		0.00000000000134598562		0.00000000799893690702		0.00000000000186426220		0.00000005163740778702		0.00000000193856133573				 0.00000050000000000000		0.05825899999999999829
900.00005607639855043089		0.05926665651251412925		0.94073328190584082353		0.00000000000495257673		0.00000000000134578370		0.00000000799882558791		0.00000000000186426636		0.00000005163567114182		0.00000000193898588660				 0.00000010000000000000		0.15532850000000000823
900.00005607626212622563		0.05926665651253643780		0.94073328190648108915		0.00000000000495256632		0.00000000000134578135		0.00000000799876063779		0.00000000000186426245		0.00000005163495906806		0.00000000193909956863				 0.00000001000000000000		1.18878060000000007612
