895.65224734972593978455		0.05863473072979438760		0.94039790509744880520		0.00000000000000000000		0.00000000000000000000		0.00338641088222291914		0.00036052155543954629		0.00060970076776597842		0.00000525924583049995				 0.00005000000000000000		0.15722820000000001239
16116170333700932065434773214986240.00000000000000000000		-244969396326113258085432688640.00000000000000000000		-981295833298453547224412454912.00000000000000000000		1775931735183149480787893551104.00000000000000000000		1473928831610399367649753563136.00000000000000000000		3378909340809752114359215063040.00000000000000000000		-62887368939998555019721834496.00000000000000000000		-5529632725215640038546788581376.00000000000000000000		190013522452784893037589299200.00000000000000000000				 0.00006000000000000001Mass fraction error : 13637568753836530684362871537664.00000000000000000000
-19352703936290.02343750000000000000		203983262.56766894459724426270		-989769816.19874501228332519531		77670078.21305541694164276123		-3338001656.50466823577880859375		-2182307493.79199409484863281250		51283890.87942396104335784912		6242275392.35521697998046875000		-65133656.51528840512037277222				 0.00004000000000000000Mass fraction error : 38718558297826.07812500000000000000
900.00000419629589032411		0.05926665887646366537		0.94073333563313332739		0.00000000000416507427		0.00000000000112488854		0.00000000067925020906		0.00000000000156784779		0.00000000478699665995		0.00000000001729842431				 0.00000500000000000000		0.00380899999999999989
900.00000427215979925677		0.05926665887271443528		0.94073333554545313095		0.00000000000416637714		0.00000000000112524351		0.00000000069076572496		0.00000000000156833829		0.00000000486622208350		0.00000000001798491480				 0.00000400000000000000		0.00416690000000000029
900.00000432648005244118		0.05926665887000931443		0.94073333548201276688		0.00000000000416732146		0.00000000000112552006		0.00000000069911571882		0.00000000000156869245		0.00000000492382518849		0.00000000001817555247				 0.00000200000000000000		0.00471889999999999983
900.00000433266700383683		0.05926665886970929747		0.94073333547504101038		0.00000000000416742497		0.00000000000112552691		0.00000000070004315779		0.00000000000156873272		0.00000000493008559471		0.00000000001825960159				 0.00000100000000000000		0.00641599999999999983
900.00000433260879617592		0.05926665886971743680		0.94073333547527249188		0.00000000000416743321		0.00000000000112600672		0.00000000070001705536		0.00000000000156869950		0.00000000492982611351		0.00000000001830466806				 0.00000050000000000000		0.00985759999999999935
900.00000433266063737392		0.05926665886971958092		0.94073333547536019950		0.00000000000416741971		0.00000000000112552692		0.00000000070001022162		0.00000000000156873071		0.00000000492970228929		0.00000000001834633882				 0.00000010000000000000		0.02969410000000000105
900.00000433264324328775		0.05926665886972220382		0.94073333547543602773		0.00000000000416741850		0.00000000000112552665		0.00000000070000206656		0.00000000000156873025		0.00000000492961987907		0.00000000001835976795				 0.00000001000000000000		0.20413290000000000601
