900.00038487338099457702		0.27431212799491738741		0.72568696839186630498		0.00000005072704347045		0.00000001393727363949		0.00000000000000000000		0.00000000000000000000		0.00000092427642055928		0.00000012741115289117				 0.00002000000000000000
899.44389431047761718219		0.27434065142344510324		0.72568398640085907125		0.00000000985471115112		0.00000000375378984061		0.00000018238934380595		0.00000000679795814542		0.00031610533508098792		0.00000552341652324622				 0.00001000000000000000
900.15607850655669608386		0.27432463900341280683		0.72594571142403940822		0.00000000068791134900		0.00000000057662350839		0.00000043886632447264		0.00000000155324003760		0.00000075334087743291		0.00012394224884794471				 0.00000500000000000000
900.00000190779076092440		0.27431213520689257113		0.72568785750188857797		0.00000000000213504612		0.00000000000057609731		0.00000000077431153821		0.00000000000481804231		0.00000000653197088474		0.00000000004513327616				 0.00000400000000000000
900.00000122309950256749		0.27431213524873820919		0.72568785828831428031		0.00000000000212574768		0.00000000000057419553		0.00000000059284084186		0.00000000000480101373		0.00000000582594235161		0.00000000003666376035				 0.00000200000000000000
900.00000122339758945600		0.27431213524869152431		0.72568785828716719788		0.00000000000212575912		0.00000000000057419866		0.00000000059295938522		0.00000000000480103955		0.00000000582700329688		0.00000000003667720753				 0.00000100000000000000
900.00000122340122743481		0.27431213524869085818		0.72568785828715121067		0.00000000000212575929		0.00000000000057419870		0.00000000059296059513		0.00000000000480103993		0.00000000582701876789		0.00000000003667732762				 0.00000050000000000000
900.00000122340793495823		0.27431213524868630627		0.72568785828700832496		0.00000000000212576091		0.00000000000057419907		0.00000000059297177356		0.00000000000480104358		0.00000000582717688227		0.00000000003665540619				 0.00000010000000000000
900.00000122340975394764		0.27431213524869102471		0.72568785828709958530		0.00000000000212575983		0.00000000000057419884		0.00000000059296465164		0.00000000000480104115		0.00000000582707030464		0.00000000003667484096				 0.00000001000000000000
-49483171593752036446439972147699558608874548002679685120.00000000000000000000		-23190197758097786753455335616547075342061033173811200.00000000000000000000		-729623605236020933571741246669136780692642099233816576.00000000000000000000		366151786751284861330031682700056971354324439652106240.00000000000000000000		114830342510999154370613552418461454451896250468925440.00000000000000000000		229897100547395175571574941754253686874639827287932928.00000000000000000000		-11621353410754134273080092879796333393234844075425792.00000000000000000000		31116454691095838117160411369462989676677608010416128.00000000000000000000		22439471894910045782355241574576842924316056554045440.00000000000000000000				 0.00008000000000000001
Mass fraction error : 100495213500304625818106552670173147869625306208318521344.00000000000000000000
-65860831405165132074941630190525977996702492819193856.00000000000000000000		1171397314089444963378736713653403845607754301440.00000000000000000000		-15378896211643937141269512604694804113045384593408.00000000000000000000		2454593824057150267058361071639316805648639852544.00000000000000000000		-24903376051620899420771854007469399678663352385536.00000000000000000000		-15989786854683160919348322758183985363794601705472.00000000000000000000		487190515583830840965995982552495367843276128256.00000000000000000000		51678947639053063409847512976015202413272801214464.00000000000000000000		479929825367425719778329786837920176502963437568.00000000000000000000				 0.00002000000000000000
Mass fraction error : 131834206928566375941895777325763721727673931032166400.00000000000000000000
1058.52023513075550908979		0.24559740998234033671		0.11762433065300759161		0.31393637497967530336		0.13203398415514991382		0.28633149747073971536		-0.00904249446273086739		-0.10500368383732251731		0.01852258256013144394				 0.00007000000000000001
Mass fraction error : 0.22809235810086647689
900.00000190779076092440		0.27431213520689257113		0.72568785750188857797		0.00000000000213504612		0.00000000000057609731		0.00000000077431153821		0.00000000000481804231		0.00000000653197088474		0.00000000004513327616				 0.00000400000000000000
900.00000122309950256749		0.27431213524873820919		0.72568785828831428031		0.00000000000212574768		0.00000000000057419553		0.00000000059284084186		0.00000000000480101373		0.00000000582594235161		0.00000000003666376035				 0.00000200000000000000
900.00000122339758945600		0.27431213524869152431		0.72568785828716719788		0.00000000000212575912		0.00000000000057419866		0.00000000059295938522		0.00000000000480103955		0.00000000582700329688		0.00000000003667720753				 0.00000100000000000000
900.00000122340122743481		0.27431213524869085818		0.72568785828715121067		0.00000000000212575929		0.00000000000057419870		0.00000000059296059513		0.00000000000480103993		0.00000000582701876789		0.00000000003667732762				 0.00000050000000000000
900.00000122340031794010		0.27431213524869108022		0.72568785828715154373		0.00000000000212575929		0.00000000000057419870		0.00000000059295990537		0.00000000000480103993		0.00000000582701901551		0.00000000003667725296				 0.00000010000000000000
900.00000122340088637429		0.27431213524869230147		0.72568785828713766595		0.00000000000212575945		0.00000000000057419874		0.00000000059296101388		0.00000000000480104030		0.00000000582703483759		0.00000000003667505720				 0.00000001000000000000
532342958314896819748864.00000000000000000000		-24473707703798226944.00000000000000000000		31189819780796125184.00000000000000000000		2365384601393034240.00000000000000000000		71660307122996551680.00000000000000000000		248305721600541851648.00000000000000000000		2895377232636876800.00000000000000000000		-320890053972836220928.00000000000000000000		-11051698421824935936.00000000000000000000				 0.00006000000000000001
Mass fraction error : 712832070436805148672.00000000000000000000
899.99928149847551139828		0.27431213547243782358		0.72568693849923415762		0.00000000001663877273		0.00000000000503079306		0.00000009650345159295		0.00000000003903156193		0.00000139421474112860		0.00000004802560267474				 0.00001000000000000000
900.00037233337400266464		0.27431211790117998595		0.72568758316746095893		0.00000000000377111694		0.00000000000109300955		0.00000008860188356290		0.00000000001142458384		0.00000025063640131575		0.00000000158164521215				 0.00000500000000000000
900.00000190705861768947		0.27431213520697245167		0.72568785750364805942		0.00000000000213318074		0.00000000000057632971		0.00000000077411140408		0.00000000000481818491		0.00000000653059819966		0.00000000004486808032				 0.00000400000000000000
900.00000122357027976250		0.27431213524860104114		0.72568785828453274966		0.00000000000212578794		0.00000000000057420103		0.00000000059317543015		0.00000000000480110324		0.00000000582987169964		0.00000000003631757086				 0.00000200000000000000
900.00000122384153655730		0.27431213524858411024		0.72568785828427861961		0.00000000000212578899		0.00000000000057432834		0.00000000059322387237		0.00000000000480109964		0.00000000582993529542		0.00000000003647690457				 0.00000100000000000000
900.00000122402377655817		0.27431213524857067654		0.72568785828404258620		0.00000000000212579085		0.00000000000057410042		0.00000000059325625573		0.00000000000480111818		0.00000000583003984500		0.00000000003658972350				 0.00000050000000000000
900.00000122335939067852		0.27431213524869146880		0.72568785828714277297		0.00000000000212575965		0.00000000000057419869		0.00000000059295740225		0.00000000000480104074		0.00000000582706422261		0.00000000003664269702				 0.00000010000000000000
900.00000122335200103407		0.27431213524870018405		0.72568785828732529364		0.00000000000212575757		0.00000000000057419822		0.00000000059294225477		0.00000000000480103606		0.00000000582686135905		0.00000000003667146715				 0.00000001000000000000
-87910837.46906642615795135498		4008.16281724774989925209		-4005.56996977706967300037		-1727.62665028915830589540		-13263.08867945003839849960		-40610.99885664787143468857		-393.10950389402603377675		55792.50218620392115553841		200.72865665137788937500				 0.00006000000000000001
Mass fraction error : 175941675.72545301914215087891
-46646.80677982889756094664		1.82195562490567475322		-6.75682274480166977781		1.73159528254555494797		-14.23689834965793998833		-16.13669766330692567635		0.03465181723587620194		34.11282564517879478672		0.42939038808656571078				 0.00002000000000000000
Mass fraction error : 93367.87439717350935097784
900.00000122119274692523		0.27431213524896802536		0.72568785829359705453		0.00000000000212574484		0.00000000000057417231		0.00000000059212537305		0.00000000000480089015		0.00000000582125655684		0.00000000003655200007				 0.00000500000000000000
900.00000170246323705214		0.27431213523124370335		0.72568785817461056720		0.00000000000212651600		0.00000000000057429505		0.00000000075636782525		0.00000000000480226367		0.00000000578979200461		0.00000000004581384888				 0.00000400000000000000
900.00000122309950256749		0.27431213524873820919		0.72568785828831428031		0.00000000000212574768		0.00000000000057419553		0.00000000059284084186		0.00000000000480101373		0.00000000582594235161		0.00000000003666376035				 0.00000200000000000000
900.00000122339758945600		0.27431213524869152431		0.72568785828716719788		0.00000000000212575912		0.00000000000057419866		0.00000000059295938522		0.00000000000480103955		0.00000000582700329688		0.00000000003667720753				 0.00000100000000000000
900.00000122340122743481		0.27431213524869085818		0.72568785828715121067		0.00000000000212575929		0.00000000000057419870		0.00000000059296059513		0.00000000000480103993		0.00000000582701876789		0.00000000003667732762				 0.00000050000000000000
900.00000122340031794010		0.27431213524869108022		0.72568785828715154373		0.00000000000212575929		0.00000000000057419870		0.00000000059295990537		0.00000000000480103993		0.00000000582701901551		0.00000000003667725296				 0.00000010000000000000
900.00000122339997687959		0.27431213524869291209		0.72568785828715198782		0.00000000000212575929		0.00000000000057419870		0.00000000059295982598		0.00000000000480103993		0.00000000582701903950		0.00000000003667724233				 0.00000001000000000000
8571977.66559826582670211792		-432.16547141266050857666		-2706.65123773553295905003		19.77609351266838544348		4.99461649695978238128		3652.39989484484749482363		39.58055106849971593874		-628.22522656976639154891		51.29077981659295204508				 0.00002000000000000000
Mass fraction error : 7534.08387145772576332092
-89104943.88477560877799987793		2806.39665992697973706527		-16117.48739175420269020833		4061.77925704998278888525		-25637.69846193155899527483		-29692.60421799898176686838		34.82948806561680044069		63500.38311325472022872418		1045.40155312647061691678				 0.00008000000000000001
Mass fraction error : 178352783.34969431161880493164
-176591755684884091359879072146264601330188288.00000000000000000000		895625200008786416143540468514736308224.00000000000000000000		-19131540142387779802491631606377335488512.00000000000000000000		-9561648857782924636830642333748729741312.00000000000000000000		-100548051467834994280417782903170666594304.00000000000000000000		-29725346474060526886120101892169314336768.00000000000000000000		3624572109620042465179383641481374859264.00000000000000000000		152750241565977430175456646265290526556160.00000000000000000000		1696148064969208537726751692662033612800.00000000000000000000				 0.00001500000000000000
Mass fraction error : 353501444543650816395513590816563759373352960.00000000000000000000
900.00000122312962957949		0.27431213524870096121		0.72568785828721560360		0.00000000000212575465		0.00000000000057419751		0.00000000059286718821		0.00000000000480104194		0.00000000582704393952		0.00000000003667137634				 0.00000400000000000000
900.00000122338087749085		0.27431213524869157983		0.72568785828715143271		0.00000000000212575935		0.00000000000057419873		0.00000000059295376144		0.00000000000480104008		0.00000000582702487512		0.00000000003667704590				 0.00000200000000000000
900.00000122340145480848		0.27431213524869085818		0.72568785828715065556		0.00000000000212575929		0.00000000000057419871		0.00000000059296098480		0.00000000000480103993		0.00000000582701865174		0.00000000003667739845				 0.00000100000000000000
900.00000122340122743481		0.27431213524869085818		0.72568785828715121067		0.00000000000212575929		0.00000000000057419870		0.00000000059296059513		0.00000000000480103993		0.00000000582701876789		0.00000000003667732762				 0.00000050000000000000
900.00000122340031794010		0.27431213524869108022		0.72568785828715154373		0.00000000000212575929		0.00000000000057419870		0.00000000059295990537		0.00000000000480103993		0.00000000582701901551		0.00000000003667725296				 0.00000010000000000000
900.00000122339997687959		0.27431213524869291209		0.72568785828715198782		0.00000000000212575929		0.00000000000057419870		0.00000000059295982598		0.00000000000480103993		0.00000000582701903950		0.00000000003667724233				 0.00000001000000000000
1925964916652720784294580867058728612906110287872.00000000000000000000		-58420310675925903695657899639471758548926464.00000000000000000000		380795638088741678779348318266609136404791296.00000000000000000000		-15952213662590941656554944833337979417133056.00000000000000000000		462106278807933027849267188635949353133932544.00000000000000000000		638905224903638624044958020870430171758329856.00000000000000000000		-1762440119634351370095370769878785504313344.00000000000000000000		-1552834685908980306941819862783900938298982400.00000000000000000000		147162508553515018336050888708684075763761152.00000000000000000000				 0.00004000000000000000
Mass fraction error : 3257939300720890653372981490857620681409953792.00000000000000000000
1407978.89374030637554824352		-64.25468245072073614210		48.73233045248535688643		57.49148206352886347759		204.37269844036123345177		665.00621352846940226300		5.54135398911908794162		-930.85007363969145899318		14.96030484673122451511				 0.00004000000000000000
Mass fraction error : 1990.20913941133767366409
900.00001932616714839241		0.27431213232112916511		0.72568778541807876792		0.00000000000322846574		0.00000000000165582344		0.00000000783095080748		0.00000000000634434123		0.00000007363071979575		0.00000000081684561282				 0.00000500000000000000
900.00000234507535878947		0.27431213506620544251		0.72568785374230393437		0.00000000000214632722		0.00000000000072105751		0.00000000104215531037		0.00000000000489940176		0.00000001005357599675		0.00000000008799270823				 0.00000400000000000000
900.00000126081101825548		0.27431213524656911096		0.72568785824683135210		0.00000000000212435964		0.00000000000057894572		0.00000000060566417597		0.00000000000480187355		0.00000000586402905572		0.00000000003643468027				 0.00000200000000000000
900.00000130095781969430		0.27431213523871644799		0.72568785804719782018		0.00000000000212815531		0.00000000000057418119		0.00000000062245397505		0.00000000000480649738		0.00000000604963445019		0.00000000003911509374				 0.00000100000000000000
900.00000124846189919481		0.27431213525155240252		0.72568785838123128773		0.00000000000213061463		0.00000000000058553089		0.00000000059890127870		0.00000000000481039982		0.00000000573781381138		0.00000000003530697145				 0.00000050000000000000
900.00000122277992886666		0.27431213524878550469		0.72568785828947135474		0.00000000000212573634		0.00000000000057419229		0.00000000059272662222		0.00000000000480098809		0.00000000582490352216		0.00000000003661181479				 0.00000010000000000000
900.00000122332812679815		0.27431213524870412535		0.72568785828742699007		0.00000000000212575659		0.00000000000057419795		0.00000000059293250781		0.00000000000480103384		0.00000000582677004118		0.00000000003667019845				 0.00000001000000000000
