43086187118846360537751527600995434496.00000000000000000000		-58052541087691386672970062006059008.00000000000000000000		-1539138844322864007809922466481963008.00000000000000000000		8482770152622067868570834155077632.00000000000000000000		45320313510120967402220259689627648.00000000000000000000		78735901360328505940298997736407040.00000000000000000000		1411934135647074943433026798878720.00000000000000000000		1470639249700737071983008900488101888.00000000000000000000		589662346312981820813774516387840.00000000000000000000				 0.00004000000000000000
Mass fraction error : 3202371216616333005275448953932873728.00000000000000000000
900.86207855123200261005		0.27426354680825854038		0.72496585246299072303		0.00000072566798617570		0.00000018624867507844		0.00029253673469832391		0.00000000000000000000		0.00043170518594156271		0.00005567632307847473				 0.00001000000000000000
900.00002148228918485984		0.27431213223124278899		0.72568778408002276858		0.00000000000332720772		0.00000000001168577846		0.00000000835918492093		0.00000000000575999538		0.00000007482210138281		0.00000000079566357442				 0.00000500000000000000
900.00000226964107241656		0.27431213507887164393		0.72568785405845226411		0.00000000000216903879		0.00000000000058591422		0.00000000101247092610		0.00000000000489901900		0.00000000976168420847		0.00000000008208235409				 0.00000400000000000000
900.00000128095177842624		0.27431213524398473380		0.72568785817955949735		0.00000000000278047794		0.00000000000063893475		0.00000000061263185193		0.00000000000470667720		0.00000000592647153884		0.00000000003716534690				 0.00000200000000000000
900.00000132998741264601		0.27431213523373138008		0.72568785792221313091		0.00000000000212940766		0.00000000000057426856		0.00000000063421668523		0.00000000000480934322		0.00000000616586999093		0.00000000004062146481				 0.00000100000000000000
900.00000125268570627668		0.27431213525133313347		0.72568785837746807577		0.00000000000213127984		0.00000000000057336405		0.00000000060035340588		0.00000000000481430708		0.00000000574118829871		0.00000000003533680384				 0.00000050000000000000
900.00000122277981517982		0.27431213524878544918		0.72568785828947146577		0.00000000000212573634		0.00000000000057419229		0.00000000059272659504		0.00000000000480098809		0.00000000582490352136		0.00000000003661181266				 0.00000010000000000000
900.00000122332812679815		0.27431213524870412535		0.72568785828742699007		0.00000000000212575659		0.00000000000057419795		0.00000000059293250566		0.00000000000480103384		0.00000000582677003793		0.00000000003667019827				 0.00000001000000000000
43086187118846360537751527600995434496.00000000000000000000		-58052541087691386672970062006059008.00000000000000000000		-1539138844322864007809922466481963008.00000000000000000000		8482770152622067868570834155077632.00000000000000000000		45320313510120967402220259689627648.00000000000000000000		78735901360328505940298997736407040.00000000000000000000		1411934135647074943433026798878720.00000000000000000000		1470639249700737071983008900488101888.00000000000000000000		589662346312981820813774516387840.00000000000000000000				 0.00004000000000000000
Mass fraction error : 3202371216616333005275448953932873728.00000000000000000000
900.86207855123200261005		0.27426354680825854038		0.72496585246299072303		0.00000072566798617570		0.00000018624867507844		0.00029253673469832391		0.00000000000000000000		0.00043170518594156271		0.00005567632307847473				 0.00001000000000000000
900.00002148228918485984		0.27431213223124278899		0.72568778408002276858		0.00000000000332720772		0.00000000001168577846		0.00000000835918492093		0.00000000000575999538		0.00000007482210138281		0.00000000079566357442				 0.00000500000000000000
900.00000226964107241656		0.27431213507887164393		0.72568785405845226411		0.00000000000216903879		0.00000000000058591422		0.00000000101247092610		0.00000000000489901900		0.00000000976168420847		0.00000000008208235409				 0.00000400000000000000
900.00000128095177842624		0.27431213524398473380		0.72568785817955949735		0.00000000000278047794		0.00000000000063893475		0.00000000061263185193		0.00000000000470667720		0.00000000592647153884		0.00000000003716534690				 0.00000200000000000000
900.00000132998741264601		0.27431213523373138008		0.72568785792221313091		0.00000000000212940766		0.00000000000057426856		0.00000000063421668523		0.00000000000480934322		0.00000000616586999093		0.00000000004062146481				 0.00000100000000000000
900.00000125268570627668		0.27431213525133313347		0.72568785837746807577		0.00000000000213127984		0.00000000000057336405		0.00000000060035340588		0.00000000000481430708		0.00000000574118829871		0.00000000003533680384				 0.00000050000000000000
900.00000122277981517982		0.27431213524878544918		0.72568785828947146577		0.00000000000212573634		0.00000000000057419229		0.00000000059272659504		0.00000000000480098809		0.00000000582490352136		0.00000000003661181266				 0.00000010000000000000
900.00000122332812679815		0.27431213524870412535		0.72568785828742699007		0.00000000000212575659		0.00000000000057419795		0.00000000059293250566		0.00000000000480103384		0.00000000582677003793		0.00000000003667019827				 0.00000001000000000000
43086187118846360537751527600995434496.00000000000000000000		-58052541087691386672970062006059008.00000000000000000000		-1539138844322864007809922466481963008.00000000000000000000		8482770152622067868570834155077632.00000000000000000000		45320313510120967402220259689627648.00000000000000000000		78735901360328505940298997736407040.00000000000000000000		1411934135647074943433026798878720.00000000000000000000		1470639249700737071983008900488101888.00000000000000000000		589662346312981820813774516387840.00000000000000000000				 0.00004000000000000000
Mass fraction error : 3202371216616333005275448953932873728.00000000000000000000
43086187118846360537751527600995434496.00000000000000000000		-58052541087691386672970062006059008.00000000000000000000		-1539138844322864007809922466481963008.00000000000000000000		8482770152622067868570834155077632.00000000000000000000		45320313510120967402220259689627648.00000000000000000000		78735901360328505940298997736407040.00000000000000000000		1411934135647074943433026798878720.00000000000000000000		1470639249700737071983008900488101888.00000000000000000000		589662346312981820813774516387840.00000000000000000000				 0.00004000000000000000
Mass fraction error : 3202371216616333005275448953932873728.00000000000000000000
43086187118846360537751527600995434496.00000000000000000000		-58052541087691386672970062006059008.00000000000000000000		-1539138844322864007809922466481963008.00000000000000000000		8482770152622067868570834155077632.00000000000000000000		45320313510120967402220259689627648.00000000000000000000		78735901360328505940298997736407040.00000000000000000000		1411934135647074943433026798878720.00000000000000000000		1470639249700737071983008900488101888.00000000000000000000		589662346312981820813774516387840.00000000000000000000				 0.00004000000000000000
Mass fraction error : 3202371216616333005275448953932873728.00000000000000000000
43086187118846360537751527600995434496.00000000000000000000		-58052541087691386672970062006059008.00000000000000000000		-1539138844322864007809922466481963008.00000000000000000000		8482770152622067868570834155077632.00000000000000000000		45320313510120967402220259689627648.00000000000000000000		78735901360328505940298997736407040.00000000000000000000		1411934135647074943433026798878720.00000000000000000000		1470639249700737071983008900488101888.00000000000000000000		589662346312981820813774516387840.00000000000000000000				 0.00004000000000000000
Mass fraction error : 3202371216616333005275448953932873728.00000000000000000000
43086187118846360537751527600995434496.00000000000000000000		-58052541087691386672970062006059008.00000000000000000000		-1539138844322864007809922466481963008.00000000000000000000		8482770152622067868570834155077632.00000000000000000000		45320313510120967402220259689627648.00000000000000000000		78735901360328505940298997736407040.00000000000000000000		1411934135647074943433026798878720.00000000000000000000		1470639249700737071983008900488101888.00000000000000000000		589662346312981820813774516387840.00000000000000000000				 0.00004000000000000000
Mass fraction error : 3202371216616333005275448953932873728.00000000000000000000
900.86207855123200261005		0.27426354680825854038		0.72496585246299072303		0.00000072566798617570		0.00000018624867507844		0.00029253673469832391		0.00000000000000000000		0.00043170518594156271		0.00005567632307847473				 0.00001000000000000000
900.86207855123200261005		0.27426354680825854038		0.72496585246299072303		0.00000072566798617570		0.00000018624867507844		0.00029253673469832391		0.00000000000000000000		0.00043170518594156271		0.00005567632307847473				 0.00001000000000000000
900.86207855123200261005		0.27426354680825854038		0.72496585246299072303		0.00000072566798617570		0.00000018624867507844		0.00029253673469832391		0.00000000000000000000		0.00043170518594156271		0.00005567632307847473				 0.00001000000000000000
900.86207855123200261005		0.27426354680825854038		0.72496585246299072303		0.00000072566798617570		0.00000018624867507844		0.00029253673469832391		0.00000000000000000000		0.00043170518594156271		0.00005567632307847473				 0.00001000000000000000
