        41          8
           1            7
           2            7
          12            8
          33            7
          39            6
          43            5
          50            7
          52            7
          54            7
          56            6
          57            6
          59            6
          63            6
          70            7
          71            7
          72            7
          74            7
          76            7
          83            7
          85            7
          95            6
         131            7
         140            7
         147            6
         158            7
         167            6
         174            7
         185            7
         187            7
         205            7
         212            7
         227            7
         230            7
         237            7
         241            7
         269            7
         289            7
         304            7
         312            7
         318            7
         320            7
         1   2.3999999999999999e+00          6   1.5400000000000000e+01         14   2.0000000000000000e+00         15   1.7500000000000000e+00         16   3.6000000000000001e+00         27   3.0000000000000000e+00         49   8.2999999999999996e-01          0   0.0000000000000000e+00 
         1   2.0000000000000000e+00          6   6.0000000000000000e+00         14   2.0000000000000000e+00         15   1.5000000000000000e+00         16   2.0000000000000000e+00         27   3.0000000000000000e+00         49   6.9999999999999996e-01          0   0.0000000000000000e+00 
         1   2.0000000000000000e+00          4   6.0000000000000000e+00          6   6.0000000000000000e+00         14   2.0000000000000000e+00         15   1.5000000000000000e+00         16   3.5000000000000000e+00         27   3.0000000000000000e+00         49   5.0000000000000000e-01 
         4   0.0000000000000000e+00          6   0.0000000000000000e+00         15   7.5000000000000000e-01         16   1.5000000000000000e+00         27   1.5000000000000000e+00         48   0.0000000000000000e+00         49   0.0000000000000000e+00          0   0.0000000000000000e+00 
         1   0.0000000000000000e+00          6   0.0000000000000000e+00         14   2.0000000000000000e+00         16   0.0000000000000000e+00         27   3.0000000000000000e+00         49   6.3000000000000000e-01          0   0.0000000000000000e+00          0   0.0000000000000000e+00 
         1   7.2999999999999998e-01          6   3.6499999999999999e+00         14   2.0000000000000000e+00         27   3.0000000000000000e+00         49   3.8000000000000000e-01          0   0.0000000000000000e+00          0   0.0000000000000000e+00          0   0.0000000000000000e+00 
         1   2.0000000000000000e+00          6   6.0000000000000000e+00         14   2.0000000000000000e+00         15   1.5000000000000000e+00         16   2.0000000000000000e+00         27   3.0000000000000000e+00         49   6.9999999999999996e-01          0   0.0000000000000000e+00 
         1   2.0000000000000000e+00          6   6.0000000000000000e+00         14   3.0000000000000000e+00         15   1.5000000000000000e+00         16   2.0000000000000000e+00         27   3.0000000000000000e+00         49   6.9999999999999996e-01          0   0.0000000000000000e+00 
         1   2.0000000000000000e+00          6   6.0000000000000000e+00         14   2.0000000000000000e+00         15   1.5000000000000000e+00         16   2.0000000000000000e+00         27   3.0000000000000000e+00         49   6.9999999999999996e-01          0   0.0000000000000000e+00 
         1   2.0000000000000000e+00          6   6.0000000000000000e+00         14   2.0000000000000000e+00         15   1.5000000000000000e+00         16   2.0000000000000000e+00         27   3.0000000000000000e+00          0   0.0000000000000000e+00          0   0.0000000000000000e+00 
         1   2.0000000000000000e+00          6   6.0000000000000000e+00         14   2.0000000000000000e+00         15   1.5000000000000000e+00         16   2.0000000000000000e+00         27   3.0000000000000000e+00          0   0.0000000000000000e+00          0   0.0000000000000000e+00 
         1   2.0000000000000000e+00          6   6.0000000000000000e+00         14   2.0000000000000000e+00         15   1.5000000000000000e+00         16   2.0000000000000000e+00         27   3.0000000000000000e+00          0   0.0000000000000000e+00          0   0.0000000000000000e+00 
         1   2.0000000000000000e+00          6   6.0000000000000000e+00         14   2.0000000000000000e+00         15   1.5000000000000000e+00         16   2.0000000000000000e+00         27   3.0000000000000000e+00          0   0.0000000000000000e+00          0   0.0000000000000000e+00 
         1   2.0000000000000000e+00          6   6.0000000000000000e+00         14   2.0000000000000000e+00         15   1.5000000000000000e+00         16   2.0000000000000000e+00         27   3.0000000000000000e+00         49   6.9999999999999996e-01          0   0.0000000000000000e+00 
         1   2.0000000000000000e+00          6   6.0000000000000000e+00         14   2.0000000000000000e+00         15   1.5000000000000000e+00         16   2.0000000000000000e+00         27   3.0000000000000000e+00         49   6.9999999999999996e-01          0   0.0000000000000000e+00 
         1   2.0000000000000000e+00          6   6.0000000000000000e+00         14   2.0000000000000000e+00         15   1.5000000000000000e+00         16   2.0000000000000000e+00         27   3.0000000000000000e+00         49   6.9999999999999996e-01          0   0.0000000000000000e+00 
         1   2.0000000000000000e+00          6   6.0000000000000000e+00         14   2.0000000000000000e+00         15   1.5000000000000000e+00         16   2.0000000000000000e+00         27   3.0000000000000000e+00         49   6.9999999999999996e-01          0   0.0000000000000000e+00 
         1   2.0000000000000000e+00          6   6.0000000000000000e+00         14   2.0000000000000000e+00         15   1.5000000000000000e+00         16   2.0000000000000000e+00         27   3.0000000000000000e+00         49   6.9999999999999996e-01          0   0.0000000000000000e+00 
         1   2.0000000000000000e+00          6   6.0000000000000000e+00         14   2.0000000000000000e+00         15   1.5000000000000000e+00         16   2.0000000000000000e+00         27   3.0000000000000000e+00         49   6.9999999999999996e-01          0   0.0000000000000000e+00 
         1   2.0000000000000000e+00          6   6.0000000000000000e+00         14   2.0000000000000000e+00         15   1.5000000000000000e+00         16   2.0000000000000000e+00         27   3.0000000000000000e+00         49   6.9999999999999996e-01          0   0.0000000000000000e+00 
         1   2.0000000000000000e+00          6   6.0000000000000000e+00         14   2.0000000000000000e+00         15   1.5000000000000000e+00         16   2.0000000000000000e+00         27   3.0000000000000000e+00          0   0.0000000000000000e+00          0   0.0000000000000000e+00 
         1   2.0000000000000000e+00          6   6.0000000000000000e+00         14   2.0000000000000000e+00         15   1.5000000000000000e+00         16   2.0000000000000000e+00         27   3.0000000000000000e+00         49   6.9999999999999996e-01          0   0.0000000000000000e+00 
         1   2.0000000000000000e+00          6   6.0000000000000000e+00         14   2.0000000000000000e+00         15   1.5000000000000000e+00         16   2.0000000000000000e+00         27   3.0000000000000000e+00         49   6.9999999999999996e-01          0   0.0000000000000000e+00 
         1   2.0000000000000000e+00          6   6.0000000000000000e+00         14   2.0000000000000000e+00         15   1.5000000000000000e+00         16   2.0000000000000000e+00         27   3.0000000000000000e+00          0   0.0000000000000000e+00          0   0.0000000000000000e+00 
         1   2.0000000000000000e+00          6   6.0000000000000000e+00         14   2.0000000000000000e+00         15   1.5000000000000000e+00         16   2.0000000000000000e+00         27   3.0000000000000000e+00         49   6.9999999999999996e-01          0   0.0000000000000000e+00 
         1   2.0000000000000000e+00          6   0.0000000000000000e+00         14   2.0000000000000000e+00         15   1.5000000000000000e+00         16   2.0000000000000000e+00         27   3.0000000000000000e+00          0   0.0000000000000000e+00          0   0.0000000000000000e+00 
         1   2.0000000000000000e+00          6   6.0000000000000000e+00         14   2.0000000000000000e+00         15   1.5000000000000000e+00         16   2.0000000000000000e+00         27   3.0000000000000000e+00         49   6.9999999999999996e-01          0   0.0000000000000000e+00 
         1   2.0000000000000000e+00          6   6.0000000000000000e+00         14   2.0000000000000000e+00         15   1.5000000000000000e+00         16   2.0000000000000000e+00         27   3.0000000000000000e+00         49   6.2500000000000000e-01          0   0.0000000000000000e+00 
         1   2.0000000000000000e+00          6   6.0000000000000000e+00         14   2.0000000000000000e+00         15   1.5000000000000000e+00         16   2.0000000000000000e+00         27   3.0000000000000000e+00         49   6.9999999999999996e-01          0   0.0000000000000000e+00 
         1   2.0000000000000000e+00          6   6.0000000000000000e+00         14   2.0000000000000000e+00         15   1.5000000000000000e+00         16   2.0000000000000000e+00         27   3.0000000000000000e+00         49   6.9999999999999996e-01          0   0.0000000000000000e+00 
         1   2.0000000000000000e+00          6   6.0000000000000000e+00         14   2.0000000000000000e+00         15   1.5000000000000000e+00         16   2.0000000000000000e+00         27   3.0000000000000000e+00         49   6.9999999999999996e-01          0   0.0000000000000000e+00 
         1   2.0000000000000000e+00          6   6.0000000000000000e+00         14   2.0000000000000000e+00         15   1.5000000000000000e+00         16   2.0000000000000000e+00         27   3.0000000000000000e+00         49   6.9999999999999996e-01          0   0.0000000000000000e+00 
         1   2.0000000000000000e+00          6   6.0000000000000000e+00         14   2.0000000000000000e+00         15   1.5000000000000000e+00         16   2.0000000000000000e+00         27   3.0000000000000000e+00         49   6.9999999999999996e-01          0   0.0000000000000000e+00 
         1   2.0000000000000000e+00          6   6.0000000000000000e+00         14   2.0000000000000000e+00         15   1.5000000000000000e+00         16   2.0000000000000000e+00         27   3.0000000000000000e+00         49   6.9999999999999996e-01          0   0.0000000000000000e+00 
         1   2.0000000000000000e+00          6   6.0000000000000000e+00         14   2.0000000000000000e+00         15   1.5000000000000000e+00         16   2.0000000000000000e+00         27   3.0000000000000000e+00         49   1.0000000000000000e+00          0   0.0000000000000000e+00 
         1   2.0000000000000000e+00          6   6.0000000000000000e+00         14   2.0000000000000000e+00         15   1.5000000000000000e+00         16   2.0000000000000000e+00         27   3.0000000000000000e+00         49   6.9999999999999996e-01          0   0.0000000000000000e+00 
         1   2.0000000000000000e+00          6   6.0000000000000000e+00         14   2.0000000000000000e+00         15   1.5000000000000000e+00         16   2.0000000000000000e+00         27   3.0000000000000000e+00         49   6.9999999999999996e-01          0   0.0000000000000000e+00 
         1   2.0000000000000000e+00          6   6.0000000000000000e+00         14   2.0000000000000000e+00         15   1.5000000000000000e+00         16   2.0000000000000000e+00         27   3.0000000000000000e+00         49   6.9999999999999996e-01          0   0.0000000000000000e+00 
         1   2.0000000000000000e+00          6   6.0000000000000000e+00         14   2.0000000000000000e+00         15   1.5000000000000000e+00         16   2.0000000000000000e+00         27   3.0000000000000000e+00         49   6.9999999999999996e-01          0   0.0000000000000000e+00 
         1   2.0000000000000000e+00          6   6.0000000000000000e+00         14   2.0000000000000000e+00         15   1.5000000000000000e+00         16   2.0000000000000000e+00         27   3.0000000000000000e+00         49   6.9999999999999996e-01          0   0.0000000000000000e+00 
         1   2.0000000000000000e+00          6   6.0000000000000000e+00         14   2.0000000000000000e+00         15   1.5000000000000000e+00         16   2.0000000000000000e+00         27   3.0000000000000000e+00         49   6.9999999999999996e-01          0   0.0000000000000000e+00 
