283	0.0077397	10	9.7e-05	 1	1	0.0001	1e-05
993	0.0271295	100	0.0006609	 1	1	0.0001	1e-06
5058	0.137969	1000	0.0057906	 1	1	0.0001	1e-07
33079	0.807384	10000	0.0481296	 1	1	0.0001	1e-08
211443	4.51604	100000	0.450855	 1	1	0.0001	1e-09
Nan	Nan	Nan	Nan	Nan	Nan	Nan	Nan	Nan
2093	0.0574439	200	0.0012501	 1	1	0.0001	1e-06
16058	0.438207	2000	0.011655	 1	1	0.0001	1e-07
142794	3.89938	20000	0.115721	 1	1	0.0001	1e-08
942183	25.866	200000	1.16083	 1	1	0.0001	1e-09
Nan	Nan	Nan	Nan	Nan	Nan	Nan	Nan
2019	0.0551682	300	0.0017366	 1	1	0.0001	1e-06
11952	0.317181	3000	0.0159902	 1	1	0.0001	1e-07
93136	2.30806	30000	0.148775	 1	1	0.0001	1e-08
811447	19.1453	300000	1.4444	 1	1	0.0001	1e-09
20168	0.11191	 1	1	0.001	1e-06
18159	0.495327	3000	0.01684	 1	1	0.001	1e-06
993	0.0267752	100	0.0006373	 1	1	0.0001	1e-06
993	0.0267154	100	0.0006332	 1	1	0.0001	1e-06
1093	0.0296318	100	0.0005733	 1	1	0.0001	1e-06
100	0.0028275	100	0.000566	 1	1	0.0001	1e-06
100	0.0028364	100	0.0005709	 1	1	0.0001	1e-06
100	0.0027825	100	0.00057	 1	1	0.0001	1e-06
1000	0.005442	 1	1	0.0001	1e-06
100	0.0028231	100	0.0005711	 1	1	0.0001	1e-06
1000	0.0056193	 1	1	0.0001	1e-06
993	0.026693	100	0.0006381	 1	1	0.0001	1e-06
1000	0.0055335	 1	1	0.0001	1e-06
100	0.0029748	100	0.0005802	 1	1	0.0001	1e-06
1000	0.0055577	 1	1	0.0001	1e-06
100	0.0028136	100	0.0005629	 1	1	0.0001	1e-06
1000	0.0055621	 1	1	0.0001	1e-06
993	0.0266354	100	0.0006343	 1	1	0.0001	1e-06
1000	0.0055259	 1	1	0.0001	1e-06
100	0.0028316	100	0.000564	 1	1	0.0001	1e-06
1000	0.0054584	 1	1	0.0001	1e-06
100	0.0028153	100	0.0005689	 1	1	0.0001	1e-06
1000	0.0054898	 1	1	0.0001	1e-06
1000	0.0054394	 1	1	0.0001	1e-06
100	0.0028382	100	0.0005671	 1	1	0.0001	1e-06
1000	0.0054687	 1	1	0.0001	1e-06
1000	0.0054538	 1	1	0.0001	1e-06
100	0.0028085	100	0.0005661	 1	1	0.0001	1e-06
1000	0.0054594	 1	1	0.0001	1e-06
202	0.0107051	 1	1	0.0001	1e-06
100	0.0028339	100	0.0005659	 1	1	0.0001	1e-06
1000	0.0054573	 1	1	0.0001	1e-06
202	0.0106917	 1	1	0.0001	1e-06
100	0.0028399	100	0.0005836	 1	1	0.0001	1e-06
1000	0.005473	 1	1	0.0001	1e-06
202	0.0108314	 1	1	0.0001	1e-06
100	0.0028335	100	0.0005707	 1	1	0.0001	1e-06
1000	0.005595	 1	1	0.0001	1e-06
202	0.0108839	 1	1	0.0001	1e-06
100	0.0029332	100	0.0006024	 1	1	0.0001	1e-06
1000	0.0056521	 1	1	0.0001	1e-06
202	0.0115078	 1	1	0.0001	1e-06
100	0.0028162	100	0.000565	 1	1	0.0001	1e-06
1000	0.0054248	 1	1	0.0001	1e-06
2001	0.0811884	 1	1	0.0001	1e-07
100	0.0028208	100	0.000571	 1	1	0.0001	1e-06
1000	0.0054784	 1	1	0.0001	1e-06
2001	0.0797485	 1	1	0.0001	1e-07
100	0.002848	100	0.0005661	 1	1	0.0001	1e-06
1000	0.0054209	 1	1	0.0001	1e-06
1000	0.532876	1000	0.0417942	 1	1	0.0001	1e-07
100	0.0028401	100	0.0005699	 1	1	0.0001	1e-06
1000	0.0054666	 1	1	0.0001	1e-06
100	0.0028363	100	0.0005672	 1	1	0.0001	1e-06
1000	0.0055106	 1	1	0.0001	1e-06
1000	0.580319	1000	0.0505523	 2	1	0.0001	1e-07
100	0.0031211	100	0.0006152	 1	1	0.0001	1e-06
1000	0.0054515	 1	1	0.0001	1e-06
1000	0.58442	1000	0.0509856	 2	1	0.0001	1e-07
100	0.0028566	100	0.0005666	 1	1	0.0001	1e-06
1000	0.0055062	 1	1	0.0001	1e-06
1000	0.579484	1000	0.0506427	 2	1	0.0001	1e-07
100	0.0028478	100	0.0005689	 1	1	0.0001	1e-06
1000	0.0054798	 1	1	0.0001	1e-06
1000	0.584893	1000	0.0512105	 2	1	0.0001	1e-07
