-143356915565624012391113112521272461132786441388032.00000000000000000000		1444955737577630017928106234882509626130038784.00000000000000000000		-37564045281840674476944028987370458004861222912.00000000000000000000		8752659201597947090179680046156921898742579200.00000000000000000000		-70104387630305901295162346920399328480189218816.00000000000000000000		-26246712202284465789379008374095828622508032000.00000000000000000000		1662153204037298590053499225329030467007021056.00000000000000000000		113094765774859071807445987281796236041238085632.00000000000000000000		8960611193928708055873641754778283059426885632.00000000000000000000				 0.00043500000000000006Mass fraction error : 286981661421474431121900409675982898022470417121280.00000000000000000000
900.00002100402900850895		0.27431213254179964700		0.72568779398539906555		0.00000000000275095360		0.00000000000075560885		0.00000000730704394591		0.00000000000621287029		0.00000006218841577489		0.00000000396762239110				 0.00000100000000000000		0.08003490000000000604
900.00002100403116855887		0.27431213254179909189		0.72568779398537963665		0.00000000000275095379		0.00000000000075560890		0.00000000730704483451		0.00000000000621287073		0.00000006218843341385		0.00000000396762374414				 0.00000100000000000000		0.24882570000000001076
900.00002100403116855887		0.27431213254179909189		0.72568779398537963665		0.00000000000275095379		0.00000000000075560890		0.00000000730704483451		0.00000000000621287073		0.00000006218843341385		0.00000000396762374414				 0.00000100000000000000		0.24857799999999999341
900.00002100402900850895		0.27431213254179964700		0.72568779398539906555		0.00000000000275095360		0.00000000000075560885		0.00000000730704394591		0.00000000000621287029		0.00000006218841577489		0.00000000396762239110				 0.00000100000000000000		0.07912990000000000301
900.00002100403116855887		0.27431213254179909189		0.72568779398537963665		0.00000000000275095379		0.00000000000075560890		0.00000000730704483451		0.00000000000621287073		0.00000006218843341385		0.00000000396762374414				 0.00000100000000000000		0.24892559999999999687
900.00002100403116855887		0.27431213254179909189		0.72568779398537963665		0.00000000000275095379		0.00000000000075560890		0.00000000730704483451		0.00000000000621287073		0.00000006218843341385		0.00000000396762374414				 0.00000100000000000000		0.24924129999999999896
900.00002100402900850895		0.27431213254179964700		0.72568779398539906555		0.00000000000275095360		0.00000000000075560885		0.00000000730704394591		0.00000000000621287029		0.00000006218841577489		0.00000000396762239110				 0.00000100000000000000		0.07978490000000000582
900.00002100402900850895		0.27431213254179964700		0.72568779398539906555		0.00000000000275095360		0.00000000000075560885		0.00000000730704394591		0.00000000000621287029		0.00000006218841577489		0.00000000396762239110				 0.00000100000000000000		0.09143669999999999576
900.00002100403116855887		0.27431213254179909189		0.72568779398537963665		0.00000000000275095379		0.00000000000075560890		0.00000000730704483451		0.00000000000621287073		0.00000006218843341385		0.00000000396762374414				 0.00000100000000000000		0.31991700000000000692
900.00002100403116855887		0.27431213254179909189		0.72568779398537963665		0.00000000000275095379		0.00000000000075560890		0.00000000730704483451		0.00000000000621287073		0.00000006218843341385		0.00000000396762374414				 0.00000100000000000000		0.43538919999999997623
900.00002100403116855887		0.27431213254179909189		0.72568779398537963665		0.00000000000275095379		0.00000000000075560890		0.00000000730704483451		0.00000000000621287073		0.00000006218843341385		0.00000000396762374414				 0.00000100000000000000		0.42487449999999998829
900.00002100403116855887		0.27431213254179909189		0.72568779398537963665		0.00000000000275095379		0.00000000000075560890		0.00000000730704483451		0.00000000000621287073		0.00000006218843341385		0.00000000396762374414				 0.00000100000000000000		0.48350619999999999710
900.00002100402900850895		0.27431213254179964700		0.72568779398539906555		0.00000000000275095360		0.00000000000075560885		0.00000000730704394591		0.00000000000621287029		0.00000006218841577489		0.00000000396762239110				 0.00000100000000000000		0.13190099999999999048
900.00002100403116855887		0.27431213254179909189		0.72568779398537963665		0.00000000000275095379		0.00000000000075560890		0.00000000730704483447		0.00000000000621287073		0.00000006218843341356		0.00000000396762374409				 0.00000100000000000000		1.05530339999999989153
900.00002100403116855887		0.27431213254179909189		0.72568779398537963665		0.00000000000275095379		0.00000000000075560890		0.00000000730704483447		0.00000000000621287073		0.00000006218843341356		0.00000000396762374409				 0.00000100000000000000		1.07548350000000003668
900.00002100403116855887		0.27431213254179909189		0.72568779398537963665		0.00000000000275095379		0.00000000000075560890		0.00000000730704483447		0.00000000000621287073		0.00000006218843341356		0.00000000396762374409				 0.00000100000000000000		1.09129190000000009242
900.00002100402900850895		0.27431213254179964700		0.72568779398539906555		0.00000000000275095360		0.00000000000075560885		0.00000000730704394591		0.00000000000621287029		0.00000006218841577489		0.00000000396762239110				 0.00000100000000000000		0.09477639999999999676
3824535.91724982159212231636		984.82595765431869949680		6226.52135154125426197425		2712.16435833663399534998		-1863.58814190868724836037		-5949.16135746772670245264		-137.55597345267489117759		-1606.67357322069665315212		-382.91332325748851417302				 0.00000100000000000000Mass fraction error : 19862.40403683949261903763
3824535.91724982159212231636		984.82595765431869949680		6226.52135154125426197425		2712.16435833663399534998		-1863.58814190868724836037		-5949.16135746772670245264		-137.55597345267489117759		-1606.67357322069665315212		-382.91332325748851417302				 0.00000100000000000000Mass fraction error : 19862.40403683949261903763
7427070379232.02343750000000000000		-1138895220.70180845260620117188		-1694819233.00612568855285644531		-5605950531.14752674102783203125		18870005804.23337554931640625000		15224448600.40619659423828125000		-78508682.16685323417186737061		-2343479526.60186910629272460938		5610932209.89404106140136718750				 0.00000100000000000000Mass fraction error : 50567039807.15722656250000000000
900.00002100402900850895		0.27431213254179964700		0.72568779398539906555		0.00000000000275095360		0.00000000000075560885		0.00000000730704394591		0.00000000000621287029		0.00000006218841577489		0.00000000396762239110				 0.00000100000000000000		0.10001200000000000367
900.00002100402900850895		0.27431213254179964700		0.72568779398539906555		0.00000000000275095360		0.00000000000075560885		0.00000000730704394591		0.00000000000621287029		0.00000006218841577489		0.00000000396762239110				 0.00000100000000000000		0.09458379999999999566
900.00002100403116855887		0.27431213254179909189		0.72568779398537963665		0.00000000000275095379		0.00000000000075560890		0.00000000730704483451		0.00000000000621287073		0.00000006218843341385		0.00000000396762374414				 0.00000100000000000000		0.32118120000000000003
7427070379232.02343750000000000000		-1138895220.70180845260620117188		-1694819233.00612568855285644531		-5605950531.14752674102783203125		18870005804.23337554931640625000		15224448600.40619659423828125000		-78508682.16685323417186737061		-2343479526.60186910629272460938		5610932209.89404106140136718750				 0.00000100000000000000Mass fraction error : 50567039807.15722656250000000000
46756335.70419338345527648926		18019.57347828462661709636		148293.12269550425116904080		48530.06177757705154363066		-76006.91760429507121443748		-66574.12824829020246397704		-2560.67573657227421790594		-21698.04554750058741774410		-47923.63853855591150932014				 0.00000100000000000000Mass fraction error : 429605.16362657397985458374
900.00002100403116855887		0.27431213254179909189		0.72568779398537963665		0.00000000000275095379		0.00000000000075560890		0.00000000730704483451		0.00000000000621287073		0.00000006218843341385		0.00000000396762374414				 0.00000100000000000000		0.32027529999999998500
900.00002100402900850895		0.27431213254179964700		0.72568779398539906555		0.00000000000275095360		0.00000000000075560885		0.00000000730704394591		0.00000000000621287029		0.00000006218841577489		0.00000000396762239110				 0.00000100000000000000		0.09008910000000000529
900.00002100402900850895		0.27431213254179964700		0.72568779398539906555		0.00000000000275095360		0.00000000000075560885		0.00000000730704394591		0.00000000000621287029		0.00000006218841577489		0.00000000396762239110				 0.00000100000000000000		0.09110890000000000655
900.00002100402900850895		0.27431213254179964700		0.72568779398539906555		0.00000000000275095360		0.00000000000075560885		0.00000000730704394591		0.00000000000621287029		0.00000006218841577489		0.00000000396762239110				 0.00000100000000000000		0.09022130000000000427
900.00002100402900850895		0.27431213254179964700		0.72568779398539906555		0.00000000000275095360		0.00000000000075560885		0.00000000730704394591		0.00000000000621287029		0.00000006218841577489		0.00000000396762239110				 0.00000100000000000000		0.09402249999999999497
900.00002100402900850895		0.27431213254179964700		0.72568779398539906555		0.00000000000275095360		0.00000000000075560885		0.00000000730704394591		0.00000000000621287029		0.00000006218841577489		0.00000000396762239110				 0.00000100000000000000		0.09077219999999999733
900.00002100402900850895		0.27431213254179964700		0.72568779398539906555		0.00000000000275095360		0.00000000000075560885		0.00000000730704394591		0.00000000000621287029		0.00000006218841577489		0.00000000396762239110				 0.00000100000000000000		0.09284009999999999485
900.00002100402900850895		0.27431213254179964700		0.72568779398539906555		0.00000000000275095360		0.00000000000075560885		0.00000000730704394591		0.00000000000621287029		0.00000006218841577489		0.00000000396762239110				 0.00000100000000000000		0.09135210000000000552
900.00002100402900850895		0.27431213254179964700		0.72568779398539906555		0.00000000000275095360		0.00000000000075560885		0.00000000730704394591		0.00000000000621287029		0.00000006218841577489		0.00000000396762239110				 0.00000100000000000000		0.08976180000000000270
900.00002100403116855887		0.27431213254179909189		0.72568779398537963665		0.00000000000275095379		0.00000000000075560890		0.00000000730704483451		0.00000000000621287073		0.00000006218843341385		0.00000000396762374414				 0.00000100000000000000		0.32244299999999997963
900.00002100402900850895		0.27431213254179964700		0.72568779398539906555		0.00000000000275095360		0.00000000000075560885		0.00000000730704394591		0.00000000000621287029		0.00000006218841577489		0.00000000396762239110				 0.00000100000000000000		0.08935529999999999862
900.00002100403116855887		0.27431213254179909189		0.72568779398537963665		0.00000000000275095379		0.00000000000075560890		0.00000000730704483451		0.00000000000621287073		0.00000006218843341385		0.00000000396762374414				 0.00000100000000000000		0.32051859999999998685
900.00002100403116855887		0.27431213254179909189		0.72568779398537963665		0.00000000000275095379		0.00000000000075560890		0.00000000730704483451		0.00000000000621287073		0.00000006218843341385		0.00000000396762374414				 0.00000100000000000000		0.32102199999999997404
900.00002100403116855887		0.27431213254179909189		0.72568779398537963665		0.00000000000275095379		0.00000000000075560890		0.00000000730704483451		0.00000000000621287073		0.00000006218843341385		0.00000000396762374414				 0.00000100000000000000		0.32360919999999998575
900.00002100403116855887		0.27431213254179909189		0.72568779398537963665		0.00000000000275095379		0.00000000000075560890		0.00000000730704483451		0.00000000000621287073		0.00000006218843341385		0.00000000396762374414				 0.00000100000000000000		0.32017190000000000927
900.00002100402900850895		0.27431213254179964700		0.72568779398539906555		0.00000000000275095360		0.00000000000075560885		0.00000000730704394591		0.00000000000621287029		0.00000006218841577489		0.00000000396762239110				 0.00000100000000000000		0.08923029999999999851
900.00002100403116855887		0.27431213254179909189		0.72568779398537963665		0.00000000000275095379		0.00000000000075560890		0.00000000730704483451		0.00000000000621287073		0.00000006218843341385		0.00000000396762374414				 0.00000100000000000000		0.32057160000000001210
900.00002100403116855887		0.27431213254179909189		0.72568779398537963665		0.00000000000275095379		0.00000000000075560890		0.00000000730704483451		0.00000000000621287073		0.00000006218843341385		0.00000000396762374414				 0.00000100000000000000		0.32119740000000002178
900.00002100402900850895		0.27431213254179964700		0.72568779398539906555		0.00000000000275095360		0.00000000000075560885		0.00000000730704394591		0.00000000000621287029		0.00000006218841577489		0.00000000396762239110				 0.00000100000000000000		0.08796410000000000340
900.00002100402900850895		0.27431213254179964700		0.72568779398539906555		0.00000000000275095360		0.00000000000075560885		0.00000000730704394591		0.00000000000621287029		0.00000006218841577489		0.00000000396762239110				 0.00000100000000000000		0.09032510000000000538
900.00002100403116855887		0.27431213254179909189		0.72568779398537963665		0.00000000000275095379		0.00000000000075560890		0.00000000730704483451		0.00000000000621287073		0.00000006218843341385		0.00000000396762374414				 0.00000100000000000000		0.32133719999999998951
900.00002100403116855887		0.27431213254179909189		0.72568779398537963665		0.00000000000275095379		0.00000000000075560890		0.00000000730704483451		0.00000000000621287073		0.00000006218843341385		0.00000000396762374414				 0.00000100000000000000		0.32040170000000001149
900.00002100403116855887		0.27431213254179909189		0.72568779398537963665		0.00000000000275095379		0.00000000000075560890		0.00000000730704483451		0.00000000000621287073		0.00000006218843341385		0.00000000396762374414				 0.00000100000000000000		0.33140399999999997638
900.00002100403116855887		0.27431213254179909189		0.72568779398537963665		0.00000000000275095379		0.00000000000075560890		0.00000000730704483451		0.00000000000621287073		0.00000006218843341385		0.00000000396762374414				 0.00000100000000000000		0.32191490000000000382
900.00002100403116855887		0.27431213254179909189		0.72568779398537963665		0.00000000000275095379		0.00000000000075560890		0.00000000730704483451		0.00000000000621287073		0.00000006218843341385		0.00000000396762374414				 0.00000100000000000000		0.32115159999999998153
900.00002100403116855887		0.27431213254179909189		0.72568779398537963665		0.00000000000275095379		0.00000000000075560890		0.00000000730704483451		0.00000000000621287073		0.00000006218843341385		0.00000000396762374414				 0.00000100000000000000		0.31949709999999997834
900.00002100403116855887		0.27431213254179909189		0.72568779398537963665		0.00000000000275095379		0.00000000000075560890		0.00000000730704483451		0.00000000000621287073		0.00000006218843341385		0.00000000396762374414				 0.00000100000000000000		0.32015909999999997426
900.00002100403116855887		0.27431213254179909189		0.72568779398537963665		0.00000000000275095379		0.00000000000075560890		0.00000000730704483451		0.00000000000621287073		0.00000006218843341385		0.00000000396762374414				 0.00000100000000000000		0.32365990000000000038
900.00002100403116855887		0.27431213254179909189		0.72568779398537963665		0.00000000000275095379		0.00000000000075560890		0.00000000730704483451		0.00000000000621287073		0.00000006218843341385		0.00000000396762374414				 0.00000100000000000000		0.32109929999999997641
900.00002100403116855887		0.27431213254179909189		0.72568779398537963665		0.00000000000275095379		0.00000000000075560890		0.00000000730704483451		0.00000000000621287073		0.00000006218843341385		0.00000000396762374414				 0.00000100000000000000		0.31957530000000000658
900.00002100403116855887		0.27431213254179909189		0.72568779398537963665		0.00000000000275095379		0.00000000000075560890		0.00000000730704483451		0.00000000000621287073		0.00000006218843341385		0.00000000396762374414				 0.00000100000000000000		0.32480340000000001988
900.00002100402900850895		0.27431213254179964700		0.72568779398539906555		0.00000000000275095360		0.00000000000075560885		0.00000000730704394591		0.00000000000621287029		0.00000006218841577489		0.00000000396762239110				 0.00000100000000000000		0.08710589999999999999
900.00002100402900850895		0.27431213254179964700		0.72568779398539906555		0.00000000000275095360		0.00000000000075560885		0.00000000730704394591		0.00000000000621287029		0.00000006218841577489		0.00000000396762239110				 0.00000100000000000000		0.08716859999999999886
900.00002100403116855887		0.27431213254179909189		0.72568779398537963665		0.00000000000275095379		0.00000000000075560890		0.00000000730704483451		0.00000000000621287073		0.00000006218843341385		0.00000000396762374414				 0.00000100000000000000		0.32158219999999998473
900.00005607662035345129		0.05926665651238077065		0.94073328190176463970		0.00000000000495264650		0.00000000000134588385		0.00000000799920684216		0.00000000000186428615		0.00000005164041232453		0.00000000193807297613				 0.00000100000000000000		0.13128349999999999742
900.00005607662035345129		0.05926665651238077065		0.94073328190176463970		0.00000000000495264650		0.00000000000134588385		0.00000000799920684216		0.00000000000186428615		0.00000005164041232453		0.00000000193807297613				 0.00000100000000000000		0.13120339999999999780
900.00003682888996081601		0.14383656631174127072		0.85616335798695197834		0.00000000000359291248		0.00000000000098234561		0.00000000822109662037		0.00000000000360644107		0.00000006399525729170		0.00000000347677176616				 0.00000100000000000000		0.23546380000000000088
900.00002100403116855887		0.27431213254179909189		0.72568779398537963665		0.00000000000275095379		0.00000000000075560890		0.00000000730704483451		0.00000000000621287073		0.00000006218843341385		0.00000000396762374414				 0.00000100000000000000		0.32121100000000002428
900.00003682888996081601		0.14383656631174127072		0.85616335798695197834		0.00000000000359291248		0.00000000000098234561		0.00000000822109662037		0.00000000000360644107		0.00000006399525729170		0.00000000347677176616				 0.00000100000000000000		0.23118150000000001199
900.00002100403116855887		0.27431213254179909189		0.72568779398537963665		0.00000000000275095379		0.00000000000075560890		0.00000000730704483451		0.00000000000621287073		0.00000006218843341385		0.00000000396762374414				 0.00000100000000000000		0.32542270000000000918
900.00002100402900850895		0.27431213254179964700		0.72568779398539906555		0.00000000000275095360		0.00000000000075560885		0.00000000730704394591		0.00000000000621287029		0.00000006218841577489		0.00000000396762239110				 0.00000100000000000000		0.08794309999999999627
900.00002100402900850895		0.27431213254179964700		0.72568779398539906555		0.00000000000275095360		0.00000000000075560885		0.00000000730704394591		0.00000000000621287029		0.00000006218841577489		0.00000000396762239110				 0.00000100000000000000		0.08839990000000000347
900.00005607662035345129		0.05926665651238077065		0.94073328190176463970		0.00000000000495264650		0.00000000000134588385		0.00000000799920684216		0.00000000000186428615		0.00000005164041232453		0.00000000193807297613				 0.00000100000000000000		0.11246319999999999928
900.00005607662035345129		0.05926665651238077065		0.94073328190176463970		0.00000000000495264650		0.00000000000134588385		0.00000000799920684216		0.00000000000186428615		0.00000005164041232453		0.00000000193807297613				 0.00000100000000000000		0.13138510000000000466
900.00005607662035345129		0.05926665651238077065		0.94073328190176463970		0.00000000000495264650		0.00000000000134588385		0.00000000799920684216		0.00000000000186428615		0.00000005164041232453		0.00000000193807297613				 0.00000100000000000000		0.13126499999999999280
900.00004006949541235372		0.05926665720824845357		0.94073329743250644341		0.00000000000472707805		0.00000000000127894131		0.00000000583933981631		0.00000000000177956519		0.00000003842770566744		0.00000000108441407468				 0.00000100000000000000		0.19918210000000000082
900.00000082258600286877		0.27431213531416054341		0.72568785991922968304		0.00000000000210936027		0.00000000000056971271		0.00000000043172464677		0.00000000000476401468		0.00000000430731000166		0.00000000002013212637				 0.00000100000000000000		0.03327660000000000340
900.00000122339804420335		0.27431213524869108022		0.72568785828715176578		0.00000000000212575929		0.00000000000057419870		0.00000000059295978935		0.00000000000480103993		0.00000000582701912581		0.00000000003667705095				 0.00000100000000000000		0.02819189999999999890
900.00000122339804420335		0.27431213524869108022		0.72568785828715176578		0.00000000000212575929		0.00000000000057419870		0.00000000059295978935		0.00000000000480103993		0.00000000582701912581		0.00000000003667705095				 0.00000100000000000000		0.03620990000000000320
900.00000122339804420335		0.27431213524869108022		0.72568785828715176578		0.00000000000212575929		0.00000000000057419870		0.00000000059295978935		0.00000000000480103993		0.00000000582701912581		0.00000000003667705095				 0.00000100000000000000		0.04308710000000000317
900.00000122339804420335		0.27431213524869108022		0.72568785828715176578		0.00000000000212575929		0.00000000000057419870		0.00000000059295978935		0.00000000000480103993		0.00000000582701912581		0.00000000003667705095				 0.00000100000000000000		0.03573860000000000231
900.00000122339804420335		0.27431213524869108022		0.72568785828715176578		0.00000000000212575929		0.00000000000057419870		0.00000000059295978935		0.00000000000480103993		0.00000000582701912581		0.00000000003667705095				 0.00000100000000000000		0.03628950000000000231
900.00000122339804420335		0.27431213524869108022		0.72568785828715176578		0.00000000000212575929		0.00000000000057419870		0.00000000059295978935		0.00000000000480103993		0.00000000582701912581		0.00000000003667705095				 0.00000100000000000000		0.03663009999999999877
900.00000122339804420335		0.27431213524869108022		0.72568785828715176578		0.00000000000212575929		0.00000000000057419870		0.00000000059295978935		0.00000000000480103993		0.00000000582701912581		0.00000000003667705095				 0.00000100000000000000		0.03584740000000000149
900.00000122339804420335		0.27431213524869108022		0.72568785828715176578		0.00000000000212575929		0.00000000000057419870		0.00000000059295978935		0.00000000000480103993		0.00000000582701912581		0.00000000003667705095				 0.00000100000000000000		0.03628850000000000131
900.00000122339758945600		0.27431213524869152431		0.72568785828716719788		0.00000000000212575912		0.00000000000057419866		0.00000000059295938522		0.00000000000480103955		0.00000000582700329688		0.00000000003667720753				 0.00000100000000000000		0.01105259999999999923
900.00000315586703436566		0.27431213565347722927		0.72568786717799116381		0.00000000000000000000		0.00000000000000000000		0.00000000000000000000		0.00000000000000000000		0.00000000000000000000		0.00000000000000000000				 0.00000100000000000000		0.01521119999999999937
900.00000315585566568188		0.27431213565347722927		0.72568786717799116381		0.00000000000000000000		0.00000000000000000000		0.00000000000000000000		0.00000000000000000000		0.00000000000000000000		0.00000000000000000000				 0.00000100000000000000		0.04394560000000000133
900.00000315586703436566		0.27431213565347722927		0.72568786717799116381		0.00000000000000000000		0.00000000000000000000		0.00000000000000000000		0.00000000000000000000		0.00000000000000000000		0.00000000000000000000				 0.00000100000000000000		0.01569129999999999830
900.00000315585566568188		0.27431213565347722927		0.72568786717799116381		0.00000000000000000000		0.00000000000000000000		0.00000000000000000000		0.00000000000000000000		0.00000000000000000000		0.00000000000000000000				 0.00000100000000000000		0.04403259999999999813
900.00000315585566568188		0.27431213565347722927		0.72568786717799116381		0.00000000000000000000		0.00000000000000000000		0.00000000000000000000		0.00000000000000000000		0.00000000000000000000		0.00000000000000000000				 0.00000100000000000000		0.04807789999999999980
900.00000122339804420335		0.27431213524869108022		0.72568785828715176578		0.00000000000212575929		0.00000000000057419870		0.00000000059295978935		0.00000000000480103993		0.00000000582701912581		0.00000000003667705095				 0.00000100000000000000		0.03515950000000000325
900.00000122339804420335		0.27431213524869108022		0.72568785828715176578		0.00000000000212575929		0.00000000000057419870		0.00000000059295978935		0.00000000000480103993		0.00000000582701912581		0.00000000003667705095				 0.00000100000000000000		0.03720790000000000208
900.00000122339804420335		0.27431213524869108022		0.72568785828715176578		0.00000000000212575929		0.00000000000057419870		0.00000000059295978935		0.00000000000480103993		0.00000000582701912581		0.00000000003667705095				 0.00000100000000000000		0.03429510000000000197
900.00000122339804420335		0.27431213524869108022		0.72568785828715176578		0.00000000000212575929		0.00000000000057419870		0.00000000059295978507		0.00000000000480103993		0.00000000582701908902		0.00000000003667705060				 0.00000100000000000000		0.07061850000000000072
900.00000122339804420335		0.27431213524869108022		0.72568785828715176578		0.00000000000212575929		0.00000000000057419870		0.00000000059295978935		0.00000000000480103993		0.00000000582701912581		0.00000000003667705095				 0.00000100000000000000		0.03489720000000000322
900.00000122339804420335		0.27431213524869108022		0.72568785828715176578		0.00000000000212575929		0.00000000000057419870		0.00000000059295978507		0.00000000000480103993		0.00000000582701908902		0.00000000003667705060				 0.00000100000000000000		0.07195120000000000682
900.00000122340975394764		0.27431213524869102471		0.72568785828709958530		0.00000000000212575983		0.00000000000057419884		0.00000000059296464679		0.00000000000480104115		0.00000000582707030411		0.00000000003667484053				 0.00000001000000000000		4.59536220000000028563
900.00000122340975394764		0.27431213524869102471		0.72568785828709958530		0.00000000000212575983		0.00000000000057419884		0.00000000059296464679		0.00000000000480104115		0.00000000582707030411		0.00000000003667484053				 0.00000001000000000000		1.01436210000000004428
900.00000122340975394764		0.27431213524869102471		0.72568785828709958530		0.00000000000212575983		0.00000000000057419884		0.00000000059296464679		0.00000000000480104115		0.00000000582707030411		0.00000000003667484053				 0.00000001000000000000		0.97931219999999996606
900.00000122340975394764		0.27431213524869102471		0.72568785828709958530		0.00000000000212575983		0.00000000000057419884		0.00000000059296464679		0.00000000000480104115		0.00000000582707030411		0.00000000003667484053				 0.00000001000000000000		4.58693229999999996238
900.00000122340975394764		0.27431213524869102471		0.72568785828709958530		0.00000000000212575983		0.00000000000057419884		0.00000000059296464679		0.00000000000480104115		0.00000000582707030411		0.00000000003667484053				 0.00000001000000000000		0.99446259999999997437
900.00000122338144592504		0.27431213524869785259		0.72568785828712423225		0.00000000000212575987		0.00000000000057419887		0.00000000059296600449		0.00000000000480104126		0.00000000582707275720		0.00000000003668012955				 0.00000001000000000000		0.55559590000000003140
900.00000122338133223820		0.27431213524869785259		0.72568785828712423225		0.00000000000212575987		0.00000000000057419887		0.00000000059296599650		0.00000000000480104126		0.00000000582707275790		0.00000000003668012854				 0.00000001000000000000		2.48727879999999990090
900.00000122340975394764		0.27431213524869102471		0.72568785828709958530		0.00000000000212575983		0.00000000000057419884		0.00000000059296464679		0.00000000000480104115		0.00000000582707030411		0.00000000003667484053				 0.00000001000000000000		0.98545439999999995262
900.00000122339997687959		0.27431213524869291209		0.72568785828715198782		0.00000000000212575929		0.00000000000057419870		0.00000000059295982085		0.00000000000480103993		0.00000000582701904141		0.00000000003667724144				 0.00000001000000000000		1.87678530000000010070
900.00000122339997687959		0.27431213524869291209		0.72568785828715198782		0.00000000000212575929		0.00000000000057419870		0.00000000059295981881		0.00000000000480103993		0.00000000582701904098		0.00000000003667724168				 0.00000001000000000000		0.40634520000000001749
900.00000122339997687959		0.27431213524869291209		0.72568785828715198782		0.00000000000212575929		0.00000000000057419870		0.00000000059295981881		0.00000000000480103993		0.00000000582701904098		0.00000000003667724168				 0.00000001000000000000		0.41188419999999997811
900.00000122340134112164		0.27431213524869102471		0.72568785828715087760		0.00000000000212575929		0.00000000000057419936		0.00000000059296085542		0.00000000000480103989		0.00000000582701884881		0.00000000003667732583				 0.00000100000000000000		0.01055949999999999944
900.00000122339986319275		0.27431213524869108022		0.72568785828715154373		0.00000000000212575929		0.00000000000057419870		0.00000000059295983074		0.00000000000480103993		0.00000000582701903207		0.00000000003667724605				 0.00000010000000000000		0.06441579999999999528
900.00002100403503391135		0.27431213254179848127		0.72568779398538219017		0.00000000000275095379		0.00000000000075560890		0.00000000730704488527		0.00000000000621287073		0.00000006218843323903		0.00000000396762396390				 0.00000010000000000000		0.38956679999999999087
900.00115583004787822574		0.27431204574045203737		0.72568621255577481222		0.00000000001519472347		0.00000000000566619469		0.00000027566295286750		0.00000000003431482709		0.00000097486262042919		0.00000049112302676988				 0.00000010000000000000		3.46082160000000005340
900.00762446682267636788		0.27431163083031046002		0.72567960009231025076		0.00000000006060736238		0.00000000002632352376		0.00000183627727496927		0.00000000013688513361		0.00000389236104071767		0.00000304021524861690				 0.00000010000000000000		9.03901980000000015991
906.54218211651766523573		0.27402312869498934855		0.72280794705850393012		0.00000001097589285306		0.00000000972414379781		0.00199543732351155053		0.00000002449955312254		0.00013423228121275802		0.00103920944225820849				 0.00000010000000000000		41.29877230000000309929
900.00000122338349228812		0.27431213524869635378		0.72568785828712434327		0.00000000000212575986		0.00000000000057419886		0.00000000059296566777		0.00000000000480104123		0.00000000582707215827		0.00000000003667880748				 0.00000001000000000000		0.74960230000000005468
900.00000122339997687959		0.27431213524869291209		0.72568785828715198782		0.00000000000212575929		0.00000000000057419870		0.00000000059295981999		0.00000000000480103993		0.00000000582701904287		0.00000000003667724069				 0.00000001000000000000		0.76265539999999998333
0.99499975125006223653		0.00499974876249990440		1.00000049998743789637				 0.00005000000000000000		0.00203829999999999983
1374.17313307486256235279		0.00000000000000000000		1.13587468436688654450				 0.00005000000000000000		18.39531570000000115783
0.00000000000000000000		0.00000000000000000000		1.99999999999863264932				 0.00005000000000000000		24.69583950000000172054
0.00000000000000000000		0.00584813212091734279		1.99415186787911791200				 0.00005000000000000000		1.01572419999999996598
0.00000000000000000000		0.00584813212387582607		1.99415186787632414678				 0.00005000000000000000		2.87271650000000011715
0.00000000000000000000		0.00584813212091734279		1.99415186787911791200				 0.00005000000000000000		1.00205910000000009141
900.00000122339997687959		0.27431213524869291209		0.72568785828715198782		0.00000000000212575929		0.00000000000057419870		0.00000000059295981999		0.00000000000480103993		0.00000000582701904287		0.00000000003667724069				 0.00000001000000000000		0.82751219999997194243
900.00000122339997687959		0.27431213524869291209		0.72568785828715198782		0.00000000000212575929		0.00000000000057419870		0.00000000059295981999		0.00000000000480103993		0.00000000582701904287		0.00000000003667724069				 0.00000001000000000000		0.81134989999998996524
900.00000122339997687959		0.27431213524869291209		0.72568785828715198782		0.00000000000212575929		0.00000000000057419870		0.00000000059295982079		0.00000000000480103993		0.00000000582701904079		0.00000000003667724143				 0.00000001000000000000		2.87584499999998310926
900.00000122340975394764		0.27431213524869102471		0.72568785828709958530		0.00000000000212575983		0.00000000000057419884		0.00000000059296464679		0.00000000000480104115		0.00000000582707030411		0.00000000003667484053				 0.00000001000000000000		0.96835439999999228800
900.00000122339804420335		0.27431213524869108022		0.72568785828715176578		0.00000000000212575929		0.00000000000057419870		0.00000000059295978935		0.00000000000480103993		0.00000000582701912581		0.00000000003667705095				 0.00000100000000000000		0.03217560000000000558
900.00216564697109333792		0.27431203224649441941		0.72568621015501499905		0.00000000001606002298		0.00000000000660589826		0.00000051708607289235		0.00000000004086489757		0.00000148251797460839		0.00000001422588102486				 0.00001000000000000000		0.01150839999999999849
900.00216564697109333792		0.27431203224649441941		0.72568621015501499905		0.00000000001606002298		0.00000000000660589826		0.00000051708607289235		0.00000000004086489757		0.00000148251797460839		0.00000001422588102486				 0.00001000000000000000		0.01309530000000000069
900.02575278032691130647		0.27429753480357876860		0.72572470887275153384		0.00000000000000000000		0.00001926343849891528		0.00005773877176464955		0.00000807880042295671		0.00000000000000000000		0.00000000000000000000				 0.00002000000000000000		0.07180300000000000571
900.00000122339804420335		0.27431213524869108022		0.72568785828715176578		0.00000000000212575929		0.00000000000057419870		0.00000000059295978935		0.00000000000480103993		0.00000000582701912581		0.00000000003667705095				 0.00000100000000000000		0.03211000000000000659
900.02575278032691130647		0.27429753480357876860		0.72572470887275153384		0.00000000000000000000		0.00001926343849891528		0.00005773877176464955		0.00000807880042295671		0.00000000000000000000		0.00000000000000000000				 0.00002000000000000000		0.07040330000000000199
184294817419630422265713113488499068184297472.00000000000000000000		-508562385090618771231883199526800126377984.00000000000000000000		1344158901493895787839287433598416615112704.00000000000000000000		-1969663527221920476131086736832135985889280.00000000000000000000		51034048500881699604297172844617450651648.00000000000000000000		1859142356398883074142668455275026544852992.00000000000000000000		185371664497243244618077084851061653504000.00000000000000000000		-1290118045626974933156760330722490955333632.00000000000000000000		-7223068469806732170731534300121260883968.00000000000000000000				 0.00005000000000000000Mass fraction error : 7215273997300213866367709267424569255264256.00000000000000000000
900.02575278032691130647		0.27429753480357876860		0.72572470887275153384		0.00000000000000000000		0.00001926343849891528		0.00005773877176464955		0.00000807880042295671		0.00000000000000000000		0.00000000000000000000				 0.00002000000000000000		0.06919749999999999512
900.00216564697109333792		0.27431203224649441941		0.72568621015501499905		0.00000000001606002298		0.00000000000660589826		0.00000051708607289235		0.00000000004086489757		0.00000148251797460839		0.00000001422588102486				 0.00001000000000000000		0.01284300000000000025
900.02575278032691130647		0.27429753480357876860		0.72572470887275153384		0.00000000000000000000		0.00001926343849891528		0.00005773877176464955		0.00000807880042295671		0.00000000000000000000		0.00000000000000000000				 0.00002000000000000000		0.07096109999999999918
900.00216564697109333792		0.27431203224649441941		0.72568621015501499905		0.00000000001606002298		0.00000000000660589826		0.00000051708607289235		0.00000000004086489757		0.00000148251797460839		0.00000001422588102486				 0.00001000000000000000		0.01168770000000000225
900.00216564697109333792		0.27431203224649441941		0.72568621015501499905		0.00000000001606002298		0.00000000000660589826		0.00000051708607289235		0.00000000004086489757		0.00000148251797460839		0.00000001422588102486				 0.00001000000000000000		0.01191110000000000259
900.02575278032691130647		0.27429753480357876860		0.72572470887275153384		0.00000000000000000000		0.00001926343849891528		0.00005773877176464955		0.00000807880042295671		0.00000000000000000000		0.00000000000000000000				 0.00002000000000000000		0.07097100000000000630
900.00216564697109333792		0.27431203224649441941		0.72568621015501499905		0.00000000001606002298		0.00000000000660589826		0.00000051708607289235		0.00000000004086489757		0.00000148251797460839		0.00000001422588102486				 0.00001000000000000000		0.01175909999999999803
900.02575278032691130647		0.27429753480357876860		0.72572470887275153384		0.00000000000000000000		0.00001926343849891528		0.00005773877176464955		0.00000807880042295671		0.00000000000000000000		0.00000000000000000000				 0.00002000000000000000		0.07074659999999999282
900.02575278032691130647		0.27429753480357876860		0.72572470887275153384		0.00000000000000000000		0.00001926343849891528		0.00005773877176464955		0.00000807880042295671		0.00000000000000000000		0.00000000000000000000				 0.00002000000000000000		0.07464369999999999339
900.00216564697109333792		0.27431203224649441941		0.72568621015501499905		0.00000000001606002298		0.00000000000660589826		0.00000051708607289235		0.00000000004086489757		0.00000148251797460839		0.00000001422588102486				 0.00001000000000000000		0.01253589999999999913
900.00000122339804420335		0.27431213524869108022		0.72568785828715176578		0.00000000000212575929		0.00000000000057419870		0.00000000059295978935		0.00000000000480103993		0.00000000582701912581		0.00000000003667705095				 0.00000100000000000000		0.03276160000000000877
900.00000122339804420335		0.27431213524869108022		0.72568785828715176578		0.00000000000212575929		0.00000000000057419870		0.00000000059295978935		0.00000000000480103993		0.00000000582701912581		0.00000000003667705095				 0.00000100000000000000		0.03294609999999998512
900.00216564697109333792		0.27431203224649441941		0.72568621015501499905		0.00000000001606002298		0.00000000000660589826		0.00000051708607289235		0.00000000004086489757		0.00000148251797460839		0.00000001422588102486				 0.00001000000000000000		0.01197419999999999908
900.00000122339804420335		0.27431213524869108022		0.72568785828715176578		0.00000000000212575929		0.00000000000057419870		0.00000000059295978935		0.00000000000480103993		0.00000000582701912581		0.00000000003667705095				 0.00000100000000000000		0.03294140000000000262
900.00000122339815789019		0.27431213524869108022		0.72568785828715176578		0.00000000000212575929		0.00000000000057419870		0.00000000059295977961		0.00000000000480103993		0.00000000582701902860		0.00000000003667705060				 0.00000100000000000000		0.07199469999999996705
900.00000122339849895070		0.27431213524869108022		0.72568785828715176578		0.00000000000212575929		0.00000000000057419894		0.00000000059295981312		0.00000000000480103992		0.00000000582701897122		0.00000000003667724056				 0.00000100000000000000		0.06799570000000002001
900.00000122340065900062		0.27431213524869113574		0.72568785828715154373		0.00000000000212575928		0.00000000000057419870		0.00000000059296058116		0.00000000000480103992		0.00000000582701875255		0.00000000003667728578				 0.00000100000000000000		0.02047869999999999205
900.00000122339702102181		0.27431213524869163534		0.72568785828716853015		0.00000000000212575911		0.00000000000057419865		0.00000000059295910239		0.00000000000480103953		0.00000000582700220201		0.00000000003667715531				 0.00000100000000000000		0.01871379999999999919
900.00000122339815789019		0.27431213524869108022		0.72568785828715176578		0.00000000000212575929		0.00000000000057419870		0.00000000059295977961		0.00000000000480103993		0.00000000582701902860		0.00000000003667705060				 0.00000100000000000000		0.06983300000000002006
900.00216564697109333792		0.27431203224649441941		0.72568621015501499905		0.00000000001606002298		0.00000000000660589826		0.00000051708607289235		0.00000000004086489757		0.00000148251797460839		0.00000001422588102486				 0.00001000000000000000		0.01244280000000000212
900.00000122339804420335		0.27431213524869108022		0.72568785828715176578		0.00000000000212575929		0.00000000000057419870		0.00000000059295978935		0.00000000000480103993		0.00000000582701912581		0.00000000003667705095				 0.00000100000000000000		0.03267480000000001078
900.00000122340748021088		0.27431213524868630627		0.72568785828700832496		0.00000000000212576091		0.00000000000057419907		0.00000000059297168730		0.00000000000480104358		0.00000000582717688526		0.00000000003665539619				 0.00000010000000000000		0.17474019999999970687
900.00000122340975394764		0.27431213524869102471		0.72568785828709958530		0.00000000000212575983		0.00000000000057419884		0.00000000059296464679		0.00000000000480104115		0.00000000582707030411		0.00000000003667484053				 0.00000001000000000000		1.00004620000001875901
900.00216564697109333792		0.27431203224649441941		0.72568621015501499905		0.00000000001606002298		0.00000000000660589826		0.00000051708607289235		0.00000000004086489757		0.00000148251797460839		0.00000001422588102486				 0.00001000000000000000		0.01299660000000000051
900.00000122339804420335		0.27431213524869108022		0.72568785828715176578		0.00000000000212575929		0.00000000000057419870		0.00000000059295978935		0.00000000000480103993		0.00000000582701912581		0.00000000003667705095				 0.00000100000000000000		0.03253850000000001186
900.00000122340748021088		0.27431213524868630627		0.72568785828700832496		0.00000000000212576091		0.00000000000057419907		0.00000000059297168730		0.00000000000480104358		0.00000000582717688526		0.00000000003665539619				 0.00000010000000000000		0.16703760000000117403
900.00000122340975394764		0.27431213524869102471		0.72568785828709958530		0.00000000000212575983		0.00000000000057419884		0.00000000059296464679		0.00000000000480104115		0.00000000582707030411		0.00000000003667484053				 0.00000001000000000000		0.99626139999995488861
900.00000122336552976776		0.27431213524872521958		0.72568785828721449338		0.00000000000212575930		0.00000000000057419870		0.00000000059295987058		0.00000000000480103996		0.00000000582702019154		0.00000000003667690485				 0.00000000100000000000		5.88775479999994555413
900.00000122336552976776		0.27431213524872521958		0.72568785828721449338		0.00000000000212575930		0.00000000000057419870		0.00000000059295987058		0.00000000000480103996		0.00000000582702019154		0.00000000003667690485				 0.00000000100000000000		5.83369869999888734924
900.00000122339815789019		0.27431213524869108022		0.72568785828715176578		0.00000000000212575929		0.00000000000057419870		0.00000000059295977961		0.00000000000480103993		0.00000000582701902860		0.00000000003667705060				 0.00000100000000000000		0.06928100000000000924
900.00000122340748021088		0.27431213524868630627		0.72568785828700832496		0.00000000000212576091		0.00000000000057419907		0.00000000059297168731		0.00000000000480104358		0.00000000582717688525		0.00000000003665539619				 0.00000010000000000000		0.52487800000000062184
900.00000122340975394764		0.27431213524869102471		0.72568785828709958530		0.00000000000212575983		0.00000000000057419884		0.00000000059296464679		0.00000000000480104115		0.00000000582707030411		0.00000000003667484053				 0.00000001000000000000		4.65108379999998167165
900.00000122336552976776		0.27431213524872521958		0.72568785828721449338		0.00000000000212575930		0.00000000000057419870		0.00000000059295987058		0.00000000000480103996		0.00000000582702019154		0.00000000003667690485				 0.00000000100000000000		31.36470659999486088054
900.00000122340975394764		0.27431213524869102471		0.72568785828709958530		0.00000000000212575983		0.00000000000057419884		0.00000000059296464679		0.00000000000480104115		0.00000000582707030411		0.00000000003667484053				 0.00000001000000000000		4.67269009999995610372
900.00000122340748021088		0.27431213524868630627		0.72568785828700832496		0.00000000000212576091		0.00000000000057419907		0.00000000059297168731		0.00000000000480104358		0.00000000582717688525		0.00000000003665539619				 0.00000010000000000000		0.52533130000000038962
900.00000122339986319275		0.27431213524869108022		0.72568785828715154373		0.00000000000212575929		0.00000000000057419870		0.00000000059295982080		0.00000000000480103993		0.00000000582701904091		0.00000000003667724143				 0.00000010000000000000		0.42301709999999942413
900.00000122339849895070		0.27431213524869108022		0.72568785828715176578		0.00000000000212575929		0.00000000000057419894		0.00000000059295981312		0.00000000000480103992		0.00000000582701897122		0.00000000003667724056				 0.00000100000000000000		0.07229100000000000803
900.00000122339804420335		0.27431213524869108022		0.72568785828715176578		0.00000000000212575929		0.00000000000057419870		0.00000000059295978935		0.00000000000480103993		0.00000000582701912581		0.00000000003667705095				 0.00000100000000000000		0.03283760000000000151
900.00216564697109333792		0.27431203224649441941		0.72568621015501499905		0.00000000001606002298		0.00000000000660589826		0.00000051708607289235		0.00000000004086489757		0.00000148251797460839		0.00000001422588102486				 0.00001000000000000000		0.01184999999999999769
15392225625368651776.00000000000000000000		472048829290520832.00000000000000000000		-1466704916231122432.00000000000000000000		1671515501418557184.00000000000000000000		751736845272376576.00000000000000000000		-2450818648509280256.00000000000000000000		-282185270383067264.00000000000000000000		1304444547973983744.00000000000000000000		-36888021057705.48437500000000000000				 0.00002000000000000000Mass fraction error : 8399491447099963392.00000000000000000000
900.00000122339849895070		0.27431213524869108022		0.72568785828715176578		0.00000000000212575929		0.00000000000057419894		0.00000000059295981312		0.00000000000480103992		0.00000000582701897122		0.00000000003667724056				 0.00000100000000000000		0.06743040000000002920
900.00000122339986319275		0.27431213524869108022		0.72568785828715154373		0.00000000000212575929		0.00000000000057419870		0.00000000059295982080		0.00000000000480103993		0.00000000582701904091		0.00000000003667724143				 0.00000010000000000000		0.38709880000000063127
900.00000122339997687959		0.27431213524869291209		0.72568785828715198782		0.00000000000212575929		0.00000000000057419870		0.00000000059295982079		0.00000000000480103993		0.00000000582701904079		0.00000000003667724143				 0.00000001000000000000		2.83983710000001687845
900.00000122336575714144		0.27431213524872527509		0.72568785828721538156		0.00000000000212575929		0.00000000000057419870		0.00000000059295982085		0.00000000000480103993		0.00000000582701904140		0.00000000003667724144				 0.00000000100000000000		23.79212640000308454091
900.00002100403162330622		0.27431213254179909189		0.72568779398537963665		0.00000000000275095379		0.00000000000075560890		0.00000000730704486264		0.00000000000621287073		0.00000006218843325748		0.00000000396762391434				 0.00000100000000000000		0.60787500000000038725
900.00002100403366966930		0.27431213254179914740		0.72568779398537941461		0.00000000000275095379		0.00000000000075560890		0.00000000730704560803		0.00000000000621287073		0.00000006218843351800		0.00000000396762371691				 0.00000100000000000000		0.18419299999999977357
900.00002100403162330622		0.27431213254179909189		0.72568779398537963665		0.00000000000275095379		0.00000000000075560890		0.00000000730704486264		0.00000000000621287073		0.00000006218843325748		0.00000000396762391434				 0.00000100000000000000		0.60003669999999920126
