1.70452089207349
1.69615430351086
1.68936686744064
1.68283291639097
1.67644759130304
1.67016534103337
1.66396899629288
1.65784203231284
1.65178438549486
1.64578892229416
1.63984638849059
1.63395102342786
1.6281074506102
1.62232239198875
1.61658419948132
1.61089005766823
1.60524364292324
1.5996409596505
1.59407969339587
1.5885630803228
1.58309137812561
1.57765950882442
1.57226379891643
1.56690074360044
1.56158129018063
1.55630537238647
1.55106436669017
1.54585976160121
1.54069282213542
1.53556087688491
1.53046496606363
1.52540466159669
1.52037792622637
1.51538625801547
1.51042854876462
1.50550315773885
1.50061142777774
1.49575299011419
1.49092545808875
1.48612987442255
1.48136712580385
1.47663459778443
1.47193211368177
1.46726066571134
1.46262053014347
1.45800895628914
1.45342627087029
1.44887331766416
1.44435054223151
1.43985529812219
1.43538750950621
1.43094788919392
1.42653714999565
1.42215412504956
1.41779696790081
1.41346626477995
1.40916261365356
1.40488660678477
1.40063658768523
1.39641124674242
1.39221108182817
1.3880365908143
1.38388827157264
1.37976549250749
1.37566613395848
1.37159050804656
1.36753902593222
1.36351209877596
1.35951013194357
1.35553158385251
1.35157524842729
1.34764146200025
1.34373056090372
1.33984288147006
1.3359787600316
1.33213858646345
1.32832169094518
1.32452659137252
1.32075180124926
1.31699583407917
1.31325720336603
1.30953499269327
1.30583916402146
1.30216988042775
1.29852188841111
1.29489169415493
1.29128119447298
1.2876907501464
1.28412056664203
1.28057003420302
1.27703880414326
1.27352706632108
1.27003493302233
1.26656164160771
1.26310708216456
1.25967142262994
1.25625470716857
1.25285617231377
1.24947577803735
1.24611367223047
1.24276990177361
1.23944373807955
1.23613511144202
1.23284415145113
1.2295709538721
1.22631488447274
1.22307574407582
1.21985364559034
1.21664870192532
1.21346056099367
1.21028874469212
1.20713334898947
1.20399447161448
1.20087208801731
1.19776555192978
1.19467482386248
1.19159998775156
1.18854112753321
1.1854979385057
1.18246996135243
1.17945726419383
1.17645991845374
1.17347797942346
1.17051094736437
1.16755860122798
1.16462100110446
1.16169820708398
1.15879023490852
1.15589655629401
1.15301704002757
1.15015173594851
1.14730069389616
1.14446392280435
1.14164092410914
1.13883156847461
1.13603589648184
1.13325394871188
1.13048575332198
1.12773088941026
1.12498915788872
1.12226059098805
1.11954522093893
1.11684307997202
1.11415392960505
1.11147741581874
1.10881356062623
1.10616238873625
1.10352392485753
1.10089811989013
1.09828454245258
1.09568313336387
1.09309391056498
1.09051689199688
1.08795209560052
1.08539929024599
1.08285818182214
1.08032878133734
1.07781110064959
1.07530515161691
1.07281092832285
1.07032808647981
1.06785649450408
1.06539615879079
1.06294708573509
1.06050928173209
1.05808270494961
1.05566701069825
1.05326213119467
1.05086806793088
1.04848482239894
1.04611239609086
1.04375073296642
1.04139951449633
1.03905868912668
1.03672825394996
1.03440820605869
1.03209854254537
1.02979921872576
1.02750994292928
1.02523065391235
1.02296134481917
1.02070200879394
1.01845263898086
1.01621321323635
1.01398347959265
1.01176334313619
1.00955279346542
1.00735182017881
1.0051604128748
1.00297856142051
1.00080677693734
0.998645028626563
0.996492569532551
0.99434865269968
0.992212531172322
0.990083457994853
0.987962402369442
0.98585381063244
0.983755525627494
0.981664863842361
0.97958135555256
0.977507507367903
0.975445905721952
0.973393033417713
0.971346643105352
0.969307351075282
0.967275773617913
0.965252527023657
0.963238227582925
0.961233172946215
0.959236434145193
0.957247874176463
0.955267471564694
0.953295204834557
0.951331052510722
0.949374993117859
0.947427456308684
0.945488540294237
0.943557632792411
0.941634121077831
0.939717392425125
0.93780683410892
0.935902102873896
0.93400729627623
0.932122274867201
0.930244784841564
0.928373827119041
0.92651032452975
0.924654263310078
0.922805610122011
0.920964296939763
0.919130290294066
0.917303562884037
0.915484058375681
0.913671730318703
0.911866550815332
0.910068481386243
0.908277464649026
0.906493470135505
0.904716369885678
0.902945190329848
0.901181247092003
0.899426534111448
0.897680538564852
0.895940239832722
0.894205569257067
0.892476493760716
0.890752980266503
0.889034995697256
0.887322511951113
0.885618073277317
0.883922513183703
0.882233903635416
0.880550806356803
0.878873995762589
0.877203576909781
0.875539516646511
0.873881780732006
0.872230334847952
0.870585145031587
0.868946178742091
0.867313404693396
0.86568678820424
0.864066295220851
0.862451898640162
0.860843565033727
0.859241258767587
0.857644951993949
0.856054617400504
0.854470218525213
0.852891722614454
0.851319109696748
0.849752344544986
0.848191390370093
0.846636228310865
0.845086829602127
0.84354315608461
0.842005181130138
0.840472887982018
0.838946238154655
0.837425197069581
0.835909755036076
0.83439987770001
0.832895525636532
0.831396686771737
0.829903337078101
0.828415435811324
0.826932959487056
0.825455899018238
0.823984213512522
0.822517869461629
0.821056866333407
0.819601167475126
0.818150732716559
0.816705561698539
0.815265626860198
0.813830884857019
0.812401327508435
0.810976940678713
0.809557680066088
0.80814352582908
0.806734477755322
0.805330491586998
0.803931538456319
0.802537626796293
0.8011487147981
0.799764767095756
0.798385796575489
0.797011765359282
0.795642633677295
0.794278416251989
0.792919079476285
0.791564580816997
0.790214935832583
0.788870114366705
0.787530072438005
0.786194826791959
0.784864348883259
0.78353859456148
0.782217582863194
0.780901284308898
0.779589656278133
0.778282721011717
0.776980445339647
0.775682790911702
0.774389782607699
0.773101381274063
0.771817557388337
0.770538334815853
0.769263667433464
0.767993541831579
0.766727972228833
0.765466907441612
0.764210359412629
0.762958318782393
0.761710741444618
0.76046765650174
0.75922903000852
0.757994841154819
0.756765113190484
0.755539797378486
0.754318913208204
0.753102446288216
0.751890366286915
0.750682703661903
0.749479414330912
0.748280517692897
0.747086002073132
0.745895845750766
0.744710076359771
0.743528654176948
0.742351611151586
0.741178920038606
0.740010593046562
0.738846631109284
0.737687021842558
0.736531790295413
0.735380912713218
0.734234423303772
0.7330922985705
0.731954574365842
0.730821232583669
0.729692308638315
0.728567790837488
0.727447714983752
0.726332075130989
0.725220908948315
0.724114215940041
0.723012035958579
0.721914375586867
0.720821274770286
0.7197327516701
0.718648841818844
0.717569580799156
0.716494998352877
0.715425142633669
0.71436004844478
0.713299765414831
0.71224434473832
0.711193834332928
0.71014829394035
0.709107784159223
0.70807236597007
0.707042108382766
0.706017083245263
0.704997364465689
0.703983029600713
0.702974160393356
0.701970841018472
0.700973157877387
0.699981198804492
0.698995052353427
0.698014807507465
0.697040552125952
0.696072371667367
0.69511034771782
0.69415455633364
0.693204927690648
0.692262225545596
0.6913253046439
0.690395030691071
0.689471207046422
0.688553844944887
0.687642872095094
0.686738310875867
0.685840051257984
0.684948010946455
0.684062129429932
0.683182230825036
0.682308167228716
0.68143979064841
0.680576788272122
0.679719892868524
0.678867470621233
0.678019753625173
0.677177011517709
0.676338673360293
0.67550443944179
0.674674348918379
0.673847860296454
0.673025111451517
0.672205595198701
0.671389382836691
0.670576062968621
0.669765479527791
0.668958053632911
0.668153125733384
0.667350287550301
0.666549545669829
0.665750936532268
0.664954665037268
0.664160509534463
0.663368148684408
0.662577498433104
0.661788771900595
0.661001736134455
0.660216197616731
0.65943233649384
0.658650040684754
0.657869136418249
0.657089735494851
0.656311780132436
0.6555351393249
0.65475990267588
0.653986009141635
0.653213384223674
0.652442101301996
0.651672080442478
0.650903330840934
0.650135863147682
0.649369627465454
0.648604671644383
0.647840950808208
0.647078500274813
0.646317299762026
0.645557371667169
0.644798712288546
0.644041341912305
0.643285262540161
0.642530500192105
0.641777057457137
0.641024966002637
0.640274232710693
0.639524881620845
0.638776895626806
0.638030457413907
0.637285127673128
0.636541210143934
0.635798960786024
0.635058307504465
0.634319225961785
0.633581795767629
0.632846015929545
0.632111943352069
0.631379605335676
0.630649051829924
0.629920317945053
0.629193469472434
0.628468492066119
0.627745594822665
0.627024817397663
0.626305781091405
0.625588762142754
0.624873939890526
0.624161183349334
0.623450588587131
0.622742162244133
0.622036000515671
0.621332119269188
0.620630644759901
0.619931691031533
0.619235784887155
0.618542225325215
0.617851110000058
0.617162409402555
0.616476246285974
0.615792777856008
0.615113214000019
0.614436539296724
0.613764647313757
