800
802.840415049575
805.68083009915
808.521245148725
811.3616601983
814.202075247875
817.04249029745
819.882905347024
822.723320396599
825.563735446174
828.404150495749
831.244565545324
834.084980594899
836.925395644474
839.765810694049
842.606225743624
845.446640793199
848.287055842774
851.127470892349
853.967885941924
856.808300991499
859.648716041073
862.489131090648
865.329546140223
868.169961189798
871.010376239373
873.850791288948
876.691206338523
879.531621388098
882.372036437673
885.212451487248
888.052866536823
890.893281586398
893.733696635973
896.574111685548
899.414526735123
902.254941784697
905.095356834272
907.935771883847
910.776186933422
913.616601982997
916.457017032572
919.297432082147
922.137847131722
924.978262181297
927.818677230872
930.659092280447
933.499507330022
936.339922379597
939.180337429172
942.020752478746
944.861167528321
947.701582577896
950.541997627471
953.382412677046
956.222827726621
959.063242776196
961.903657825771
964.744072875346
967.584487924921
970.424902974496
973.265318024071
976.105733073646
978.946148123221
981.786563172795
984.62697822237
987.467393271945
990.30780832152
993.148223371095
995.98863842067
998.829053470245
1001.66946851982
1004.50988356939
1007.35029861897
1010.19071366854
1013.03112871812
1015.87154376769
1018.71195881727
1021.55237386684
1024.39278891642
1027.23320396599
1030.07361901557
1032.91403406514
1035.75444911472
1038.59486416429
1041.43527921387
1044.27569426344
1047.11610931302
1049.95652436259
1052.79693941217
1055.63735446174
1058.47776951132
1061.31818456089
1064.15859961047
1066.99901466004
1069.83942970962
1072.67984475919
1075.52025980877
1078.36067485834
1081.20108990792
1084.04150495749
1086.88192000707
1089.72233505664
1092.56275010622
1095.40316515579
1098.24358020537
1101.08399525494
1103.92441030452
1106.76482535409
1109.60524040367
1112.44565545324
1115.28607050282
1118.12648555239
1120.96690060197
1123.80731565154
1126.64773070112
1129.48814575069
1132.32856080027
1135.16897584984
1138.00939089942
1140.84980594899
1143.69022099857
1146.53063604814
1149.37105109772
1152.21146614729
1155.05188119687
1157.89229624644
1160.73271129602
1163.57312634559
1166.41354139517
1169.25395644474
1172.09437149432
1174.93478654389
1177.77520159347
1180.61561664304
1183.45603169262
1186.29644674219
1189.13686179177
1191.97727684134
1194.81769189092
1197.65810694049
1200.49852199007
1203.33893703964
1206.17935208921
1209.01976713879
1211.86018218836
1214.70059723794
1217.54101228751
1220.38142733709
1223.22184238666
1226.06225743624
1228.90267248581
1231.74308753539
1234.58350258496
1237.42391763454
1240.26433268411
1243.10474773369
1245.94516278326
1248.78557783284
1251.62599288241
1254.46640793199
1257.30682298156
1260.14723803114
1262.98765308071
1265.82806813029
1268.66848317986
1271.50889822944
1274.34931327901
1277.18972832859
1280.03014337816
1282.87055842774
1285.71097347731
1288.55138852689
1291.39180357646
1294.23221862604
1297.07263367561
1299.91304872519
1302.75346377476
1305.59387882434
1308.43429387391
1311.27470892349
1314.11512397306
1316.95553902264
1319.79595407221
1322.63636912179
1325.47678417136
1328.31719922094
1331.15761427051
1333.99802932009
1336.83844436966
1339.67885941924
1342.51927446881
1345.35968951839
1348.20010456796
1351.04051961754
1353.88093466711
1356.72134971669
1359.56176476626
1362.40217981584
1365.24259486541
1368.08300991499
1370.92342496456
1373.76384001414
1376.60425506371
1379.44467011329
1382.28508516286
1385.12550021244
1387.96591526201
1390.80633031159
1393.64674536116
1396.48716041074
1399.32757546031
1402.16799050988
1405.00840555946
1407.84882060903
1410.68923565861
1413.52965070818
1416.37006575776
1419.21048080733
1422.05089585691
1424.89131090648
1427.73172595606
1430.57214100563
1433.41255605521
1436.25297110478
1439.09338615436
1441.93380120393
1444.77421625351
1447.61463130308
1450.45504635266
1453.29546140223
1456.13587645181
1458.97629150138
1461.81670655096
1464.65712160053
1467.49753665011
1470.33795169968
1473.17836674926
1476.01878179883
1478.85919684841
1481.69961189798
1484.54002694756
1487.38044199713
1490.22085704671
1493.06127209628
1495.90168714586
1498.74210219543
1501.58251724501
1504.42293229458
1507.26334734416
1510.10376239373
1512.94417744331
1515.78459249288
1518.62500754246
1521.46542259203
1524.30583764161
1527.14625269118
1529.98666774076
1532.82708279033
1535.66749783991
1538.50791288948
1541.34832793906
1544.18874298863
1547.02915803821
1549.86957308778
1552.70998813736
1555.55040318693
1558.39081823651
1561.23123328608
1564.07164833566
1566.91206338523
1569.75247843481
1572.59289348438
1575.43330853396
1578.27372358353
1581.11413863311
1583.95455368268
1586.79496873226
1589.63538378183
1592.47579883141
1595.31621388098
1598.15662893056
1600.99704398013
1603.8374590297
1606.67787407928
1609.51828912885
1612.35870417843
1615.199119228
1618.03953427758
1620.87994932715
1623.72036437673
1626.5607794263
1629.40119447588
1632.24160952545
1635.08202457503
1637.9224396246
1640.76285467418
1643.60326972375
1646.44368477333
1649.2840998229
1652.12451487248
1654.96492992205
1657.80534497163
1660.6457600212
1663.48617507078
1666.32659012035
1669.16700516993
1672.0074202195
1674.84783526908
1677.68825031865
1680.52866536823
1683.3690804178
1686.20949546738
1689.04991051695
1691.89032556653
1694.7307406161
1697.57115566568
1700.41157071525
1703.25198576483
1706.0924008144
1708.93281586398
1711.77323091355
1714.61364596313
1717.4540610127
1720.29447606228
1723.13489111185
1725.97530616143
1728.815721211
1731.65613626058
1734.49655131015
1737.33696635973
1740.1773814093
1743.01779645888
1745.85821150845
1748.69862655803
1751.5390416076
1754.37945665718
1757.21987170675
1760.06028675633
1762.9007018059
1765.74111685548
1768.58153190505
1771.42194695463
1774.2623620042
1777.10277705378
1779.94319210335
1782.78360715293
1785.6240222025
1788.46443725208
1791.30485230165
1794.14526735123
1796.9856824008
1799.82609745038
1802.66651249995
1805.50692754952
1808.3473425991
1811.18775764867
1814.02817269825
1816.86858774782
1819.7090027974
1822.54941784697
1825.38983289655
1828.23024794612
1831.0706629957
1833.91107804527
1836.75149309485
1839.59190814442
1842.432323194
1845.27273824357
1848.11315329315
1850.95356834272
1853.7939833923
1856.63439844187
1859.47481349145
1862.31522854102
1865.1556435906
1867.99605864017
1870.83647368975
1873.67688873932
1876.5173037889
1879.35771883847
1882.19813388805
1885.03854893762
1887.8789639872
1890.71937903677
1893.55979408635
1896.40020913592
1899.2406241855
1902.08103923507
1904.92145428465
1907.76186933422
1910.6022843838
1913.44269943337
1916.28311448295
1919.12352953252
1921.9639445821
1924.80435963167
1927.64477468125
1930.48518973082
1933.3256047804
1936.16601982997
1939.00643487955
1941.84684992912
1944.6872649787
1947.52768002827
1950.36809507785
1953.20851012742
1956.048925177
1958.88934022657
1961.72975527615
1964.57017032572
1967.4105853753
1970.25100042487
1973.09141547445
1975.93183052402
1978.7722455736
1981.61266062317
1984.45307567275
1987.29349072232
1990.1339057719
1992.97432082147
1995.81473587105
1998.65515092062
2001.4955659702
2004.33598101977
2007.17639606934
2010.01681111892
2012.85722616849
2015.69764121807
2018.53805626764
2021.37847131722
2024.21888636679
2027.05930141637
2029.89971646594
2032.74013151552
2035.58054656509
2038.42096161467
2041.26137666424
2044.10179171382
2046.94220676339
2049.78262181297
2052.62303686254
2055.46345191212
2058.30386696169
2061.14428201127
2063.98469706084
2066.82511211042
2069.66552715999
2072.50594220957
2075.34635725914
2078.18677230872
2081.02718735829
2083.86760240787
2086.70801745744
2089.54843250702
2092.38884755659
2095.22926260617
2098.06967765574
2100.91009270532
2103.75050775489
2106.59092280447
2109.43133785404
2112.27175290362
2115.11216795319
2117.95258300277
2120.79299805234
2123.63341310192
2126.47382815149
2129.31424320107
2132.15465825064
2134.99507330022
2137.83548834979
2140.67590339937
2143.51631844894
2146.35673349852
2149.19714854809
2152.03756359767
2154.87797864724
2157.71839369682
2160.55880874639
2163.39922379597
2166.23963884554
2169.08005389512
2171.92046894469
2174.76088399427
2177.60129904384
2180.44171409342
2183.28212914299
2186.12254419257
2188.96295924214
2191.80337429172
2194.64378934129
2197.48420439087
2200.32461944044
2203.16503449001
2206.00544953959
2208.84586458917
2211.68627963874
2214.52669468831
2217.36710973789
