iter 	 t 	 dt 	 Density[kg/m3] 	 Pressure[Pascal] 	 Temperature[K] 	H2 	O2 	O 	OH 	H2O 	H 	HO2 	H2O2 	
-1 	 0.000000000000000e+00 	  5.000000000000000e-07 	 8.529532322233555e-02 	1.013250000000000e+05 	9.000000000000000e+02 	2.743121355000000e-01 	7.256878645000000e-01 	0.000000000000000e+00 	0.000000000000000e+00 	0.000000000000000e+00 	0.000000000000000e+00 	0.000000000000000e+00 	0.000000000000000e+00 	
0 	 5.000000000000000e-06 	  5.000000000000000e-07 	 8.529532322233555e-02 	1.013250000000000e+05 	8.999999998988020e+02 	2.743121354912027e-01 	7.256878643202709e-01 	9.774610499797530e-13 	2.762807254453415e-13 	8.068113588730770e-12 	2.479912120791243e-12 	1.766719763964063e-10 	5.265086145031733e-14 	
1 	 1.000000000000000e-05 	  5.000000000000000e-07 	 8.529532322233555e-02 	1.013250000000000e+05 	8.999999998908779e+02 	2.743121354803268e-01 	7.256878640655903e-01 	1.553800171845632e-12 	4.254329405380386e-13 	2.836422679187642e-11 	3.638083685493500e-12 	4.198563192538241e-10 	2.452657108230175e-13 	
2 	 1.500000000000001e-05 	  5.000000000000000e-07 	 8.529532322233555e-02 	1.013250000000000e+05 	8.999999999271457e+02 	2.743121354684304e-01 	7.256878637754381e-01 	1.827844616943363e-12 	4.963664767688184e-13 	5.459325522329181e-11 	4.189058793503707e-12 	6.944172598559419e-10 	6.083713445108886e-13 	
3 	 1.999999999999999e-05 	  5.000000000000000e-07 	 8.529532322233555e-02 	1.013250000000000e+05 	8.999999999844508e+02 	2.743121354560415e-01 	7.256878634683612e-01 	1.959016231150719e-12 	5.303399233174503e-13 	8.365124026194846e-11 	4.453207746924098e-12 	9.838481971022404e-10 	1.156396119135045e-12 	
4 	 2.499999999999998e-05 	  5.000000000000000e-07 	 8.529532322233555e-02 	1.013250000000000e+05 	9.000000000518554e+02 	2.743121354434094e-01 	7.256878631531211e-01 	2.022695839218243e-12 	5.468540300852425e-13 	1.140718269302825e-10 	4.581862630095540e-12 	1.280351541699911e-09 	1.896171750556959e-12 	
5 	 2.999999999999996e-05 	  5.000000000000000e-07 	 8.529532322233555e-02 	1.013250000000000e+05 	9.000000001241921e+02 	2.743121354306517e-01 	7.256878628338570e-01 	2.054493336025632e-12 	5.551209579195922e-13 	1.451623436240793e-10 	4.646512615440861e-12 	1.580243777841648e-09 	2.830941303200428e-12 	
6 	 3.499999999999995e-05 	  5.000000000000000e-07 	 8.529532322233555e-02 	1.013250000000000e+05 	9.000000001990206e+02 	2.743121354178240e-01 	7.256878625125238e-01 	2.071230816470412e-12 	5.594925342859633e-13 	1.765956069233798e-10 	4.680929150986293e-12 	1.881784874944929e-09 	3.962252577295478e-12 	
7 	 3.999999999999994e-05 	  5.000000000000000e-07 	 8.529532322233555e-02 	1.013250000000000e+05 	9.000000002751875e+02 	2.743121354049529e-01 	7.256878621900450e-01 	2.080855031541543e-12 	5.620245647550003e-13 	2.082170901706327e-10 	4.701065856611949e-12 	2.184152903613542e-09 	5.290852556519330e-12 	
8 	 4.499999999999992e-05 	  5.000000000000000e-07 	 8.529532322233555e-02 	1.013250000000000e+05 	9.000000003521486e+02 	2.743121353920503e-01 	7.256878618668567e-01 	2.087120024756037e-12 	5.636882134414500e-13 	2.399538298707824e-10 	4.714459219703842e-12 	2.486959644995643e-09 	6.817109951222214e-12 	
9 	 4.999999999999991e-05 	  5.000000000000000e-07 	 8.529532322233555e-02 	1.013250000000000e+05 	9.000000004296464e+02 	2.743121353791224e-01 	7.256878615431646e-01 	2.091799206415627e-12 	5.649422592988210e-13 	2.717713930387490e-10 	4.724669477610085e-12 	2.790021764956132e-09 	8.541214810957066e-12 	
10 	 5.499999999999989e-05 	  5.000000000000000e-07 	 8.529532322233555e-02 	1.013250000000000e+05 	9.000000005075602e+02 	2.743121353661719e-01 	7.256878612190664e-01 	2.095730336260298e-12 	5.660034301921870e-13 	3.036535485498781e-10 	4.733378488181794e-12 	3.093252716872776e-09 	1.046327282297280e-11 	
11 	 5.999999999999988e-05 	  5.000000000000000e-07 	 8.529532322233555e-02 	1.013250000000000e+05 	9.000000005858320e+02 	2.743121353532002e-01 	7.256878608946079e-01 	2.099309172839072e-12 	5.669741088551189e-13 	3.355926638710698e-10 	4.741380763007322e-12 	3.396611676557314e-09 	1.258334985957416e-11 	
12 	 6.499999999999987e-05 	  5.000000000000000e-07 	 8.529532322233555e-02 	1.013250000000000e+05 	9.000000006644352e+02 	2.743121353402078e-01 	7.256878605698103e-01 	2.102722673337825e-12 	5.679026612707187e-13 	3.675851684680967e-10 	4.749051631271814e-12 	3.700079419123896e-09 	1.490149302266372e-11 	
13 	 6.999999999999986e-05 	  5.000000000000000e-07 	 8.529532322233555e-02 	1.013250000000000e+05 	9.000000007433571e+02 	2.743121353271950e-01 	7.256878602446837e-01 	2.106059157148055e-12 	5.688119358491397e-13 	3.996294107145495e-10 	4.756568400318964e-12 	4.003646923223773e-09 	1.741774058536763e-11 	
14 	 7.499999999999984e-05 	  5.000000000000000e-07 	 8.529532322233555e-02 	1.013250000000000e+05 	9.000000008225911e+02 	2.743121353141618e-01 	7.256878599192328e-01 	2.109360347138482e-12 	5.697127264670469e-13 	4.317246454931027e-10 	4.764014831910880e-12 	4.307309987685057e-09 	2.013212668855408e-11 	
15 	 7.999999999999983e-05 	  5.000000000000000e-07 	 8.529532322233555e-02 	1.013250000000000e+05 	9.000000009021361e+02 	2.743121353011084e-01 	7.256878595934595e-01 	2.112645953960427e-12 	5.706101324227388e-13 	4.638705559370214e-10 	4.771430496833832e-12 	4.611066688412258e-09 	2.304468355952022e-11 	
16 	 8.499999999999982e-05 	  5.000000000000000e-07 	 8.529532322233555e-02 	1.013250000000000e+05 	9.000000009819897e+02 	2.743121352880348e-01 	7.256878592673650e-01 	2.115925289681211e-12 	5.715065628870581e-13 	4.960670275001579e-10 	4.778834090030751e-12 	4.914916177024732e-09 	2.615544256013056e-11 	
17 	 8.999999999999980e-05 	  5.000000000000000e-07 	 8.529532322233555e-02 	1.013250000000000e+05 	9.000000010621524e+02 	2.743121352749411e-01 	7.256878589409497e-01 	2.119202754069842e-12 	5.724031562102827e-13 	5.283140412272642e-10 	4.786234444681087e-12 	5.218858113332888e-09 	2.946443468197825e-11 	
18 	 9.499999999999979e-05 	  5.000000000000000e-07 	 8.529532322233555e-02 	1.013250000000000e+05 	9.000000011426239e+02 	2.743121352618270e-01 	7.256878586142131e-01 	2.122480426321759e-12 	5.733004504049644e-13 	5.606116233347124e-10 	4.793635735259360e-12 	5.522892397239631e-09 	3.297169078031541e-11 	
19 	 9.999999999999977e-05 	  5.000000000000000e-07 	 8.529532322233555e-02 	1.013250000000000e+05 	9.000000012234038e+02 	2.743121352486926e-01 	7.256878582871559e-01 	2.125759289391523e-12 	5.741986998831499e-13 	5.929598213923452e-10 	4.801039935463889e-12 	5.827019042090367e-09 	3.667724168457533e-11 	
