1218.54825830157
1220.93757610023
1222.38363274344
1223.69929972253
1224.94897387103
1226.1596696721
1227.34346485577
1228.50644118342
1229.65304032638
1230.7856821918
1231.90636061392
1233.01795534532
1234.12012007419
1235.21137428243
1236.29505113692
1237.37130136279
1238.44031784892
1239.50273738099
1240.55889829531
1241.60878812701
1242.6524983154
1243.69055013289
1244.72357002453
1245.75216207955
1246.7747873874
1247.79143865879
1248.80332988117
1249.81023153769
1250.81198814087
1251.80895102591
1252.80093541509
1253.78799185595
1254.77038380376
1255.74781052595
1256.72042782506
1257.68844984422
1258.65155003541
1259.60974677046
1260.56343672048
1261.51230150981
1262.45606279564
1263.39524731883
1264.32977689358
1265.25929532159
1266.18364107517
1267.10345418058
1268.0185068816
1268.92842890566
1269.83297735702
1270.73287928415
1271.62800456921
1272.51796755821
1273.40238259717
1274.28157341381
1275.15608235714
1276.02551039985
1276.88945403036
1277.74751235335
1278.60030353296
1279.44824165613
1280.29090159228
1281.12785821084
1281.95868638125
1282.78489249385
1283.60904302446
1284.42821472376
1285.23929011535
1286.03915172284
1286.82468933193
1287.59607207198
1288.35604557261
1289.10608904612
1289.84768170481
1290.58230276096
1291.31143142686
1292.03419816292
1292.74864466715
1293.45637062389
1294.15901101035
1294.85820080373
1295.55557498124
1296.25258315733
1296.94658728312
1297.63677320646
1298.32389082487
1299.0084432512
1299.69015587715
1300.36894889813
1301.04476423354
1301.71769746494
1302.38779340508
1303.05499478301
1303.71925961739
1304.38071775694
1305.03936911174
1305.69515868085
1306.348056953
1306.99820005279
1307.64557393799
1308.29012576597
1308.93182447514
1309.57080558547
1310.20706138598
1310.84054108305
1311.47120153661
1312.09916430778
1312.7244513347
1313.34701376706
1313.96680275458
1314.5838798371
1315.19833536351
1315.81012274439
1316.41919497155
1317.02553563779
1317.62928328709
1318.2304236172
1318.82891136625
1319.42470127234
1320.0178506105
1320.60845644345
1321.19647603986
1321.78186579486
1322.36458661206
1322.9447541283
1323.52240505482
1324.09749736191
1324.66998901986
1325.23985113089
1325.80721543627
1326.37209513386
1326.93444969565
1327.49423859357
1328.051434167
1328.60616796199
1329.15845444872
1329.70825453683
1330.25552913598
1330.80024331838
1331.34251228003
1331.88237597299
1332.41979669115
1332.95473672838
1333.48715837859
1334.017120614
1334.54472285171
1335.06992969262
1335.59270477308
1336.11301172948
1336.63084242511
1337.14633444633
1337.65948229152
1338.17025091063
1338.67860525364
1339.1845102705
1339.68803300867
1340.18926557938
1340.68817458027
1341.18472626007
1341.67888686751
1342.17063049612
1342.66008028417
1343.14726477734
1343.63215152369
1344.11470807125
1344.5949019681
1345.07272370611
1345.54830750129
1346.02165522592
1346.49273574457
1346.96151792181
1347.42797062222
1347.89209230044
1348.35401606386
1348.81373718362
1349.27122587602
1349.72645235737
1350.179386844
1350.63002285135
1351.07849135549
1351.5247943493
1351.96890345553
1352.41079029693
1352.85042649626
1353.28779295075
1353.7230097948
1354.15610145828
1354.58704104611
1355.01580166323
1355.44235641454
1355.86667838316
1356.28871310927
1356.70850697789
1357.1261781788
1357.54184490178
1357.95562533661
1358.36763767306
1358.77761104569
1359.18454170287
1359.58898820149
1359.99162212668
1360.39253005388
1360.7911545789
1361.18693697313
1361.58076517158
1361.97314535187
1362.36387950843
1362.75276963568
1363.13961772804
1363.52422577994
1363.90650694217
1364.28678318574
1364.66507617262
1365.04136613342
1365.41563329873
1365.78785789916
1366.15802016529
1366.52607059584
1366.89203635376
1367.25602115691
1367.61812876317
1367.97846293044
1368.3371274166
1368.69415903985
1369.04852319992
1369.40031364535
1369.75015983932
1370.09835120879
1370.44463198995
1370.78898412351
1371.13140237519
1371.47192676219
1371.81055233811
1372.14726616204
1372.48209645888
1372.81505753238
1373.14613741409
1373.47534064379
1373.80270130645
1374.12821155348
1374.45188509256
1374.77395591996
1375.09413321416
1375.41196514957
1375.72766277199
1376.04201561803
1376.3549750978
1376.66648291521
1376.97648077416
1377.28491037856
1377.59171216328
1377.89619897702
1378.19822486757
1378.498372293
1378.79707941827
1379.09412136821
1379.38945676719
1379.6830849873
1379.97502684707
1380.26529348749
1380.55388578698
1380.84081282139
1381.1260946561
1381.40973506843
1381.69173857661
1381.97212362936
1382.25089956448
1382.52807195064
1382.80365257865
1383.07765574319
1383.35008957015
1383.62096310183
1383.89028975387
1384.15808077282
1384.42434693053
1384.68909811456
1384.95234688425
1385.21410690995
1385.47438850187
1385.7332006298
1385.99055981381
1386.2464806516
1386.50096701712
1386.75403605815
1387.00570737621
1387.2559843366
1387.50487954175
1387.75241624258
1387.9986052858
1388.24344880748
1388.48697308282
1388.72919822224
1388.97011829275
1389.20975892747
1389.44814854737
1389.68527972015
1389.92117211495
1390.1558602238
1390.38934363372
1390.62163013127
1390.85275845913
1391.08274108743
1391.31157134172
1391.53929135291
1391.76592549481
1391.99145690533
1392.21592839266
1392.43937465326
1392.66177289071
1392.88316453101
1393.10359296433
1393.32303261995
1393.54152272
1393.75911388169
1393.97577927832
1394.19155668982
1394.4065026338
1394.62058884247
1394.83385408914
1395.04635928715
1395.25807339869
1395.46904006372
1395.67932223978
1395.88888494549
1396.09778137207
1396.30607226227
1396.51371980153
1396.72079116166
1396.92733723445
1397.13332376826
1397.33883455604
1397.54389775795
1397.74849822592
1397.9527341791
1398.15659385498
1398.36010736754
1398.56336651554
1398.76633298796
1398.96908679435
1399.1716831752
1399.37409964613
1399.57645050138
1399.7787210342
1399.98096673621
1400.18327368719
1400.38561306464
1400.58810617401
1400.79074827851
1400.99360332933
1401.19675568579
1401.40019379778
1401.60404821862
1401.80830223414
1402.01307002714
1402.21838246987
1402.42430230392
1402.63092213117
1402.83826003297
1403.04644438855
1403.25548101104
1403.46550976644
1403.6765419937
1403.8887181432
1404.10206143037
1404.31671104686
1404.53270196798
1404.75017429192
1404.96917310929
1405.18984089879
1405.41223388837
1405.63649408289
1405.86269525989
1406.09096989019
1406.32142034335
1406.55415878985
1406.78931870783
1407.02700521994
1407.26735953527
1407.51050193994
1407.75656265704
1408.00568051822
1408.25798558932
1408.51361757787
1408.7727121102
1409.03540448929
1409.30183473546
1409.57213692009
1409.84643578639
1410.12485888804
1410.4075282322
1410.69455696996
1410.98604369941
1411.28207176018
1411.58271453833
1411.888027223
1412.1980438277
1412.51277439944
1412.83220227577
1413.15617902989
1413.48523310056
1413.81842879119
1414.15597877606
1414.49763060106
1414.84320708148
1415.19230466175
1415.54482045257
1415.90028987522
1416.25839750358
1416.61886922946
1416.98121363545
1417.34505456794
1417.71004623167
1418.07578212725
1418.44196759125
1418.80838812137
1419.17418772961
1419.53944961027
1419.90376876111
1420.26676970569
1420.62847676437
1420.98846059494
1421.34676270174
1421.70312247833
1422.05751608335
1422.40986004787
1422.76028211032
1423.10793349622
1423.453271703
1423.79673552121
1424.13825019903
1424.47772850333
1424.81506101971
1425.15041049984
1425.48399106304
1425.81583618115
1426.14580039639
1426.47411786927
1426.80097752664
1427.12619478926
1427.44992643556
1427.77239275594
1428.09346099862
1428.41323546688
1428.73191295987
1429.04938322221
1429.36576159814
1429.68117960475
1429.9955500013
1430.30902168742
1430.62160535764
1430.93331175577
1431.24424631954
1431.5543634267
1431.86376059023
1432.17241493911
1432.480384941
1432.78766985387
1433.09430251044
1433.40028684587
1433.70564633504
1434.01037847161
1434.31450368523
1434.61801282753
1434.92091919089
1435.22321706282
1435.52493270968
1435.82587488017
1436.1262414521
1436.42603000287
1436.72520308209
1437.0237523131
1437.32169247785
1437.61899316956
1437.9156508147
1438.21164468762
1438.50695528127
1438.80156049847
1439.09543152634
1439.38853649622
1439.68086550229
1439.9722843137
1440.26258876151
1440.55206670873
1440.84078534412
1441.12867482831
1441.41573952137
1441.70193928993
1441.98724647697
1442.27161215992
1442.55498296641
1442.83726617944
1443.11833629775
1443.3974898326
1443.67544546111
1443.95250666473
1444.22857075542
1444.5035585996
1444.77731061661
1445.04833696757
1445.3182596959
1445.58817186695
