0.99499999875625011470		0.00499999874375015810		1.00000000249999976276				 0.00000001000000000000		0.00049100000000000001
0.99475131325878918265		0.00476084281501205735		1.00048784392619682926				 0.00000001000000000000		2.90057859999950506946
0.00000000000000000000		0.00584813561967117371		1.99415187958785411482				 0.00000001000000000000		0.16706849999999995315
0.00000000000000000000		0.00584834340371770574		1.99415165659631954398				 0.00000001000000000000		1.37223110000015591226
0.00000000000000000000		0.00584813695457142308		1.99415186304530145378				 0.00000001000000000000		92.07442490374478438753
0.00000000000000000000		0.00584873444919788935		1.99422712401511770253				 0.00000001000000000000		0.01288679999999987370
0.00000000000000000000		0.00584812532524023668		1.99415187467475929495				 0.00000001000000000000		0.10885430000000843875
0.00000000000000000000		0.00584812532524023668		1.99415187467475929495				 0.00000001000000000000		0.11334820000001266660
0.00000000000000000000		0.00584825437184353578		1.99415174562808661385				 0.00000001000000000000		0.86205779999966491989
0.00000000000000000000		0.00584817388340507210		1.99415182611659869139				 0.00000001000000000000		4.43931169999518093761
0.00000000000000000000		0.01032423837479383086		2.68554445722240675565				 0.00000001000000000000		0.00175230000000000047
0.00000000000000000000		0.00584825437184353578		1.99415174562808661385				 0.00000001000000000000		0.85417989999970111992
0.00000000000000000000		0.00584815858528362886		1.99415184141456447442				 0.00000001000000000000		9.09223639997767918430
0.00000000000000000000		0.00584814040757078608		1.99415185959278584704				 0.00000001000000000000		46.37458270036336926978
0.00000000000000000000		0.02836668825428469848		5.35321452383371809702				 0.10000000000000000555		0.58410610000000007247
0.00000000000000000000		0.00593125118949579429		2.00711977318017575911				 0.01000000000000000021		5.58155380000000445051
1.07948573796570079786		0.00000000000000000000		1.13666483599095990975				 0.01000000000000000021		5.91316759999999863595
0.00000000000000000000		0.00584824287093381034		1.99415175763263707864				 0.00500000000000000010		11.87919090000001709484
1.07948573796570079786		0.00000000000000000000		1.13666483599095990975				 0.01000000000000000021		5.94735949999999746751
799.99999999817532625457		0.00000000000000000000		0.00000000000000000001		0.00000000000000000000		0.22377149999969969674		0.00000000000000000000		0.00000000000000000000		0.00000000000030977834		0.00000000000000000000		0.00000000000000000000		0.00000000000000000000		0.00000000000000000000		0.00000000000000000000		0.00000000000014110858		0.03926609999984943117		0.00000000000000000000		0.00000000000000000000		0.00000000000000000000		0.00000000000000000000		0.00000000000000000000		0.00000000000000000000		0.00000000000000000000		0.00000000000000000000		0.00000000000000000000		0.00000000000000000000		0.00000000000000000000		0.00000000000000000000		0.00000000000000000000		0.00000000000000000000		0.00000000000000000000		0.00000000000000000000		0.00000000000000000000		0.00000000000000000000		0.00000000000000000000		0.00000000000000000000		0.00000000000000000000		0.00000000000000000000		0.00000000000000000000		0.00000000000000000000		0.00000000000000000000		0.00000000000000000000		0.00000000000000000000		0.00000000000000000000		0.00000000000000000000		0.00000000000000000000		0.00000000000000000000		0.00000000000000000000		0.00000000000000000000		0.73696240000000001746		0.00000000000000000000		0.00000000000000000000		0.00000000000000000000		0.00000000000000000000		0.00000000000000000000				 0.00000001000000000000		0.00857390000000000062
799.99999999824217411515		799.99999999822705376573		799.99999999822705376573		799.99999999822705376573		799.99999999822705376573		799.99999999822705376573		799.99999999822705376573		799.99999999822705376573		799.99999999822705376573		799.99999999822705376573		0.00000000000000000000		0.00000000000000000000		0.00000000000000000000		0.00000000000000000000		0.00000000000000000000		0.00000000000000000000		0.00000000000000000000		0.00000000000000000000		0.00000000000000000000		0.00000000000000000000		0.00000000000000000000		0.00000000000000000000		0.00000000000000000000		0.00000000000000000000		0.00000000000000000000		0.00000000000000000000		0.00000000000000000000		0.00000000000000000000		0.00000000000000000000		0.00000000000000000000		0.00000000000000000000		0.00000000000000000001		0.00000000000000000001		0.00000000000000000002		0.00000000000000000003		0.00000000000000000003		0.00000000000000000004		0.00000000000000000004		0.00000000000000000004		0.00000000000000000004		0.22377150000026069243		0.22377150000049936263		0.22377150000069404023		0.22377150000082279835		0.22377150000086354353		0.22377150000079448766		0.22377150000059353729		0.22377150000023865450		0.22377149999970799565		0.22377149999970796790		0.00000000000000000018		0.00000000000000000038		0.00000000000000000056		0.00000000000000000081		0.00000000000000000100		0.00000000000000000127		0.00000000000000000142		0.00000000000000000164		0.00000000000000000164		0.00000000000000000164		0.00000000000000000001		0.00000000000000000001		0.00000000000000000002		0.00000000000000000002		0.00000000000000000003		0.00000000000000000003		0.00000000000000000003		0.00000000000000000003		0.00000000000000000003		0.00000000000000000003		0.00000000000000000000		0.00000000000000000000		0.00000000000000000000		0.00000000000000000000		0.00000000000000000000		0.00000000000000000000		0.00000000000000000000		0.00000000000000000000		0.00000000000030099799		0.00000000000030099799		0.00000000000000000003		0.00000000000000000007		0.00000000000000000011		0.00000000000000000015		0.00000000000000000019		0.00000000000000000024		0.00000000000000000027		0.00000000000000000031		0.00000000000000000031		0.00000000000000000031		0.00000000000000000000		0.00000000000000000000		0.00000000000000000000		0.00000000000000000000		0.00000000000000000000		0.00000000000000000000		0.00000000000000000000		0.00000000000000000000		0.00000000000000000000		0.00000000000000000000		0.00000000000000000000		0.00000000000000000000		0.00000000000000000000		0.00000000000000000000		0.00000000000000000000		0.00000000000000000000		0.00000000000000000000		0.00000000000000000000		0.00000000000000000000		0.00000000000000000000		0.00000000000000000000		0.00000000000000000000		0.00000000000000000000		0.00000000000000000000		0.00000000000000000000		0.00000000000000000000		0.00000000000000000000		0.00000000000000000000		0.00000000000000000000		0.00000000000000000000		0.00000000000000000000		0.00000000000000000000		0.00000000000000000000		0.00000000000000000000		0.00000000000000000000		0.00000000000000000000		0.00000000000000000000		0.00000000000000000000		0.00000000000000000000		0.00000000000000000000		0.00000000000000000000		0.00000000000000000000		0.00000000000000000000		0.00000000000000000000		0.00000000000000000000		0.00000000000000000000		0.00000000000000000000		0.00000000000000000000		0.00000000000013710774		0.00000000000013710774		0.03926610000013064372		0.03926610000025027719		0.03926610000034784498		0.03926610000041239751		0.03926610000043286725		0.03926610000039828380		0.03926610000029757269		0.03926610000011974272		0.03926609999985374022		0.03926609999985373328		0.00000000000000000000		0.00000000000000000000		0.00000000000000000000		0.00000000000000000000		0.00000000000000000000		0.00000000000000000000		0.00000000000000000000		0.00000000000000000000		0.00000000000000000000		0.00000000000000000000		0.00000000000000000000		0.00000000000000000000		0.00000000000000000000		0.00000000000000000000		0.00000000000000000000		0.00000000000000000000		0.00000000000000000000		0.00000000000000000000		0.00000000000000000000		0.00000000000000000000		0.00000000000000000000		0.00000000000000000000		0.00000000000000000000		0.00000000000000000000		0.00000000000000000000		0.00000000000000000000		0.00000000000000000000		0.00000000000000000000		0.00000000000000000000		0.00000000000000000000		0.00000000000000000033		0.00000000000000000069		0.00000000000000000102		0.00000000000000000146		0.00000000000000000180		0.00000000000000000228		0.00000000000000000255		0.00000000000000000294		0.00000000000000000294		0.00000000000000000294		0.00000000000000000000		0.00000000000000000000		0.00000000000000000000		0.00000000000000000000		0.00000000000000000000		0.00000000000000000000		0.00000000000000000000		0.00000000000000000000		0.00000000000000000000		0.00000000000000000000		0.00000000000000000001		0.00000000000000000002		0.00000000000000000003		0.00000000000000000004		0.00000000000000000005		0.00000000000000000006		0.00000000000000000007		0.00000000000000000008		0.00000000000000000008		0.00000000000000000008		0.00000000000000000000		0.00000000000000000000		0.00000000000000000000		0.00000000000000000000		0.00000000000000000000		0.00000000000000000000		0.00000000000000000000		0.00000000000000000000		0.00000000000000000000		0.00000000000000000000		0.00000000000000000000		0.00000000000000000000		0.00000000000000000000		0.00000000000000000000		0.00000000000000000000		0.00000000000000000000		0.00000000000000000000		0.00000000000000000000		0.00000000000000000000		0.00000000000000000000		0.00000000000000000000		0.00000000000000000000		0.00000000000000000000		0.00000000000000000000		0.00000000000000000000		0.00000000000000000000		0.00000000000000000000		0.00000000000000000000		0.00000000000000000000		0.00000000000000000000		0.00000000000000000000		0.00000000000000000000		0.00000000000000000000		0.00000000000000000000		0.00000000000000000000		0.00000000000000000000		0.00000000000000000000		0.00000000000000000000		0.00000000000000000000		0.00000000000000000000		0.00000000000000000000		0.00000000000000000000		0.00000000000000000000		0.00000000000000000000		0.00000000000000000000		0.00000000000000000000		0.00000000000000000000		0.00000000000000000000		0.00000000000000000000		0.00000000000000000000		0.00000000000000000000		0.00000000000000000000		0.00000000000000000000		0.00000000000000000000		0.00000000000000000000		0.00000000000000000000		0.00000000000000000000		0.00000000000000000000		0.00000000000000000000		0.00000000000000000000		0.00000000000000000000		0.00000000000000000000		0.00000000000000000000		0.00000000000000000000		0.00000000000000000000		0.00000000000000000000		0.00000000000000000000		0.00000000000000000000		0.00000000000000000000		0.00000000000000000000		0.00000000000000000000		0.00000000000000000000		0.00000000000000000000		0.00000000000000000000		0.00000000000000000000		0.00000000000000000000		0.00000000000000000000		0.00000000000000000000		0.00000000000000000000		0.00000000000000000000		0.00000000000000000000		0.00000000000000000000		0.00000000000000000000		0.00000000000000000000		0.00000000000000000000		0.00000000000000000000		0.00000000000000000000		0.00000000000000000000		0.00000000000000000000		0.00000000000000000000		0.00000000000000000000		0.00000000000000000000		0.00000000000000000000		0.00000000000000000000		0.00000000000000000000		0.00000000000000000000		0.00000000000000000000		0.00000000000000000000		0.00000000000000000000		0.00000000000000000000		0.00000000000000000000		0.00000000000000000000		0.00000000000000000000		0.00000000000000000000		0.00000000000000000000		0.00000000000000000000		0.00000000000000000000		0.00000000000000000000		0.00000000000000000000		0.00000000000000000000		0.00000000000000000000		0.00000000000000000000		0.00000000000000000000		0.00000000000000000000		0.00000000000000000000		0.00000000000000000000		0.00000000000000000000		0.00000000000000000000		0.00000000000000000000		0.00000000000000000000		0.00000000000000000000		0.00000000000000000000		0.00000000000000000000		0.00000000000000000000		0.00000000000000000000		0.00000000000000000000		0.00000000000000000000		0.00000000000000000000		0.00000000000000000000		0.00000000000000000000		0.00000000000000000000		0.00000000000000000000		0.00000000000000000000		0.00000000000000000000		0.00000000000000000000		0.00000000000000000000		0.00000000000000000000		0.00000000000000000000		0.00000000000000000000		0.00000000000000000000		0.00000000000000000000		0.00000000000000000000		0.00000000000000000000		0.00000000000000000000		0.00000000000000000000		0.00000000000000000000		0.00000000000000000000		0.00000000000000000000		0.00000000000000000000		0.00000000000000000000		0.00000000000000000000		0.00000000000000000000		0.00000000000000000000		0.00000000000000000000		0.00000000000000000000		0.00000000000000000000		0.00000000000000000000		0.00000000000000000000		0.00000000000000000000		0.00000000000000000000		0.00000000000000000000		0.00000000000000000000		0.00000000000000000000		0.00000000000000000000		0.00000000000000000000		0.00000000000000000000		0.00000000000000000000		0.00000000000000000000		0.00000000000000000000		0.00000000000000000000		0.00000000000000000000		0.00000000000000000000		0.00000000000000000000		0.00000000000000000000		0.00000000000000000000		0.00000000000000000000		0.00000000000000000000		0.00000000000000000000		0.00000000000000000000		0.00000000000000000000		0.00000000000000000000		0.00000000000000000000		0.00000000000000000000		0.00000000000000000000		0.00000000000000000000		0.00000000000000000000		0.00000000000000000000		0.00000000000000000000		0.00000000000000000000		0.00000000000000000000		0.00000000000000000000		0.00000000000000000000		0.00000000000000000000		0.00000000000000000000		0.00000000000000000000		0.00000000000000000000		0.00000000000000000000		0.00000000000000000000		0.00000000000000000000		0.00000000000000000000		0.00000000000000000000		0.00000000000000000000		0.00000000000000000000		0.00000000000000000000		0.00000000000000000000		0.00000000000000000000		0.00000000000000000000		0.00000000000000000000		0.00000000000000000000		0.00000000000000000000		0.00000000000000000000		0.00000000000000000000		0.00000000000000000000		0.00000000000000000000		0.00000000000000000000		0.00000000000000000000		0.00000000000000000000		0.00000000000000000000		0.00000000000000000000		0.00000000000000000000		0.00000000000000000000		0.00000000000000000000		0.00000000000000000000		0.00000000000000000000		0.00000000000000000000		0.00000000000000000000		0.00000000000000000000		0.00000000000000000000		0.00000000000000000000		0.00000000000000000000		0.00000000000000000000		0.00000000000000000000		0.00000000000000000000		0.00000000000000000000		0.00000000000000000000		0.00000000000000000000		0.00000000000000000000		0.00000000000000000000		0.00000000000000000000		0.00000000000000000000		0.00000000000000000000		0.00000000000000000000		0.00000000000000000000		0.00000000000000000000		0.00000000000000000000		0.00000000000000000000		0.00000000000000000000		0.00000000000000000000		0.00000000000000000000		0.00000000000000000000		0.00000000000000000000		0.00000000000000000000		0.00000000000000000000		0.00000000000000000000		0.00000000000000000000		0.00000000000000000000		0.00000000000000000000		0.00000000000000000000		0.00000000000000000000		0.00000000000000000000		0.00000000000000000000		0.00000000000000000000		0.00000000000000000000		0.00000000000000000000		0.00000000000000000000		0.00000000000000000000		0.00000000000000000000		0.00000000000000000000		0.00000000000000000000		0.00000000000000000000		0.73696240000000001746		0.73696240000000001746		0.73696240000000001746		0.73696240000000001746		0.73696240000000001746		0.73696240000000001746		0.73696240000000001746		0.73696240000000001746		0.73696240000000001746		0.73696240000000001746		0.00000000000000000000		0.00000000000000000000		0.00000000000000000000		0.00000000000000000000		0.00000000000000000000		0.00000000000000000000		0.00000000000000000000		0.00000000000000000000		0.00000000000000000000		0.00000000000000000000		0.00000000000000000000		0.00000000000000000000		0.00000000000000000000		0.00000000000000000000		0.00000000000000000000		0.00000000000000000000		0.00000000000000000000		0.00000000000000000000		0.00000000000000000000		0.00000000000000000000		0.00000000000000000000		0.00000000000000000000		0.00000000000000000000		0.00000000000000000000		0.00000000000000000000		0.00000000000000000000		0.00000000000000000000		0.00000000000000000000		0.00000000000000000000		0.00000000000000000000		0.00000000000000000000		0.00000000000000000000		0.00000000000000000000		0.00000000000000000000		0.00000000000000000000		0.00000000000000000000		0.00000000000000000000		0.00000000000000000000		0.00000000000000000000		0.00000000000000000000		0.00000000000000000000		0.00000000000000000000		0.00000000000000000000		0.00000000000000000000		0.00000000000000000000		0.00000000000000000000		0.00000000000000000000		0.00000000000000000000		0.00000000000000000000		0.00000000000000000000				 0.00000001000000000000		0.09444539999999999880
0.00000000000000000000		0.00000000000000000000		0.00000000000000000000		0.00000000000000000000		0.00000000000000000000		0.00000000000000000000		0.00000000000000000000		0.00000000000000000000		0.00000000000000000000		0.00000000000000000000		0.00000000000000000000				 0.00000000000000000000		0.00000000000000000000
799.99999999998181010596		799.99999999998169641913		799.99999999998169641913		799.99999999998181010596		800.00000000037368863559		800.00000048454785428476		800.00031432000923814485		800.15298343846188799944		849.68072670748370001093		800.15329781446087054064		0.00000000000000000000		0.00000000000000000000		0.00000000000000000000		0.00000000000000000000		0.00000000000000000000		0.00000000000000000000		0.00000000000000000000		0.00000000000000000000		0.00000000000000000000		0.00000000000000000000		0.00000000000000000029		0.00000000000000000031		0.00000000000000000000		0.00000000000000000000		0.00000000000000000002		0.00000000000000000040		0.00000000000000000049		0.00000000000000000000		0.00000000000000000000		0.00000000000000000000		0.00000000000000000000		0.00000000000000000000		0.00000000000000000000		0.00000000000000000000		0.00000000000000000000		0.00000000000000000009		0.00000000000000000000		0.00000000000000000000		0.00000000000000000005		0.00000000000000000010		0.22377149998361242633		0.22377149998216325222		0.22377150001787854405		0.22377150001695489401		0.22377149999908491074		0.22377149997603720810		0.22377149997218839794		0.22377150001295251225		0.22377150001161832948		0.22377150001393392165		0.00000000000000000000		0.00000000000000000000		0.00000000000000000000		0.00000000000000000000		0.00000000000000000000		0.00000000000000000353		0.00000000000000000000		0.00000000000000000000		0.00000000000000000211		0.00000000000000000421		0.00000000000000000002		0.00000000000000000000		0.00000000000000000005		0.00000000000000000000		0.00000000000000000000		0.00000000000000000000		0.00000000000000000000		0.00000000000000000000		0.00000000000000000000		0.00000000000000000000		0.00000000001690506415		0.00000000001839803711		0.00000000000000000000		0.00000000000000000000		0.00000000000094195257		0.00000000002471763645		0.00000000002868931659		0.00000000000000000000		0.00000000000000000000		0.00000000000000000000		0.00000000000000000000		0.00000000000000000000		0.00000000000000000000		0.00000000000000000000		0.00000000000000000000		0.00000000000000000064		0.00000000000000000000		0.00000000000000000000		0.00000000000000000037		0.00000000000000000077		0.00000000000000000000		0.00000000000000000000		0.00000000000000000000		0.00000000000000000000		0.00000000000000000000		0.00000000000000000000		0.00000000000000000000		0.00000000000000000000		0.00000000000000000000		0.00000000000000000000		0.00000000000000000000		0.00000000000000000000		0.00000000000000000000		0.00000000000000000000		0.00000000000000000000		0.00000000000000000000		0.00000000000000000000		0.00000000000000000000		0.00000000000000000000		0.00000000000000000000		0.00000000000000000000		0.00000000000000000000		0.00000000000000000000		0.00000000000000000000		0.00000000000000000000		0.00000000000000000000		0.00000000000000000000		0.00000000000000000000		0.00000000000000000000		0.00000000000000000000		0.00000000000000000000		0.00000000000000000000		0.00000000000000000000		0.00000000000000000000		0.00000000000000000000		0.00000000000000000000		0.00000000000000000000		0.00000000000000000000		0.00000000000000000000		0.00000000000000000000		0.00000000000770050574		0.00000000000838057641		0.00000000000000000000		0.00000000000000000000		0.00000000000042907327		0.00000000001125924345		0.00000000001306840779		0.00000000000000000000		0.00000000000000000000		0.00000000000000000000		0.03926609999178229393		0.03926609999105764442		0.03926610000896011560		0.03926610000850441762		0.03926609999954095570		0.03926609998798707285		0.03926609998605508356		0.03926610000649254778		0.03926610000582626825		0.03926610000698577130		0.00000000000000000000		0.00000000000000000000		0.00000000000000000000		0.00000000000000000000		0.00000000000000000000		0.00000000000000000000		0.00000000000000000000		0.00000000000000000000		0.00000000000000000000		0.00000000000000000000		0.00000000000000000000		0.00000000000000000000		0.00000000000000000000		0.00000000000000000000		0.00000000000000000000		0.00000000000000000000		0.00000000000000000000		0.00000000000000000000		0.00000000000000000000		0.00000000000000000000		0.00000000000000000000		0.00000000000000000000		0.00000000000000000000		0.00000000000000000000		0.00000000000000000000		0.00000000000000000000		0.00000000000000000000		0.00000000000000000000		0.00000000000000000000		0.00000000000000000000		0.00000000000000000000		0.00000000000000000000		0.00000000000000000000		0.00000000000000000000		0.00000000000000000000		0.00000000000000000613		0.00000000000000000000		0.00000000000000000000		0.00000000000000000362		0.00000000000000000739		0.00000000000000000000		0.00000000000000000000		0.00000000000000000000		0.00000000000000000000		0.00000000000000000000		0.00000000000000000000		0.00000000000000000000		0.00000000000000000000		0.00000000000000000000		0.00000000000000000000		0.00000000000000000000		0.00000000000000000000		0.00000000000000000000		0.00000000000000000000		0.00000000000000000000		0.00000000000000000018		0.00000000000000000000		0.00000000000000000000		0.00000000000000000008		0.00000000000000000018		0.00000000000000000000		0.00000000000000000000		0.00000000000000000000		0.00000000000000000000		0.00000000000000000000		0.00000000000000000000		0.00000000000000000000		0.00000000000000000000		0.00000000000000000000		0.00000000000000000000		0.00000000000000000000		0.00000000000000000000		0.00000000000000000000		0.00000000000000000000		0.00000000000000000000		0.00000000000000000000		0.00000000000000000000		0.00000000000000000000		0.00000000000000000000		0.00000000000000000000		0.00000000000000000000		0.00000000000000000000		0.00000000000000000000		0.00000000000000000000		0.00000000000000000000		0.00000000000000000000		0.00000000000000000000		0.00000000000000000000		0.00000000000000000000		0.00000000000000000000		0.00000000000000000000		0.00000000000000000000		0.00000000000000000000		0.00000000000000000000		0.00000000000000000000		0.00000000000000000000		0.00000000000000000000		0.00000000000000000000		0.00000000000000000000		0.00000000000000000000		0.00000000000000000000		0.00000000000000000000		0.00000000000000000000		0.00000000000000000000		0.00000000000000000000		0.00000000000000000000		0.00000000000000000000		0.00000000000000000000		0.00000000000000000000		0.00000000000000000000		0.00000000000000000000		0.00000000000000000000		0.00000000000000000000		0.00000000000000000000		0.00000000000000000000		0.00000000000000000000		0.00000000000000000000		0.00000000000000000000		0.00000000000000000000		0.00000000000000000000		0.00000000000000000001		0.00000000000000000001		0.00000000000000000000		0.00000000000000000000		0.00000000000000000000		0.00000000000000000000		0.00000000000000000001		0.00000000000000000001		0.00000000000000000000		0.00000000000000000000		0.00000000000000000000		0.00000000000000000000		0.00000000000000000000		0.00000000000000000000		0.00000000000000000000		0.00000000000000000000		0.00000000000000000000		0.00000000000000000000		0.00000000000000000000		0.00000000000000000000		0.00000000000000000000		0.00000000000000000000		0.00000000000000000000		0.00000000000000000000		0.00000000000000000000		0.00000000000000000000		0.00000000000000000000		0.00000000000000000000		0.00000000000000000000		0.00000000000000000000		0.00000000000000000000		0.00000000000000000000		0.00000000000000000000		0.00000000000000000000		0.00000000000000000000		0.00000000000000000000		0.00000000000000000000		0.00000000000000000000		0.00000000000000000000		0.00000000000000000000		0.00000000000000000000		0.00000000000000000000		0.00000000000000000000		0.00000000000000000000		0.00000000000000000000		0.00000000000000000000		0.00000000000000000000		0.00000000000000000000		0.00000000000000000000		0.00000000000000000000		0.00000000000000000000		0.00000000000000000000		0.00000000000000000000		0.00000000000000000000		0.00000000000000000000		0.00000000000000000000		0.00000000000000000000		0.00000000000000000000		0.00000000000000000000		0.00000000000000000000		0.00000000000000000000		0.00000000000000000000		0.00000000000000000000		0.00000000000000000000		0.00000000000000000000		0.00000000000000000000		0.00000000000000000000		0.00000000000000000000		0.00000000000000000000		0.00000000000000000000		0.00000000000000000000		0.00000000000000000000		0.00000000000000000000		0.00000000000000000000		0.00000000000000000000		0.00000000000000000000		0.00000000000000000000		0.00000000000000000000		0.00000000000000000000		0.00000000000000000000		0.00000000000000000000		0.00000000000000000000		0.00000000000000000000		0.00000000000000000000		0.00000000000000000000		0.00000000000000000000		0.00000000000000000000		0.00000000000000000000		0.00000000000000000000		0.00000000000000000000		0.00000000000000000000		0.00000000000000000000		0.00000000000000000000		0.00000000000000000000		0.00000000000000000000		0.00000000000000000000		0.00000000000000000000		0.00000000000000000000		0.00000000000000000000		0.00000000000000000000		0.00000000000000000000		0.00000000000000000000		0.00000000000000000000		0.00000000000000000000		0.00000000000000000000		0.00000000000000000000		0.00000000000000000000		0.00000000000000000000		0.00000000000000000000		0.00000000000000000000		0.00000000000000000000		0.00000000000000000000		0.00000000000000000000		0.00000000000000000000		0.00000000000000000000		0.00000000000000000000		0.00000000000000000000		0.00000000000000000000		0.00000000000000000000		0.00000000000000000000		0.00000000000000000000		0.00000000000000000000		0.00000000000000000000		0.00000000000000000000		0.00000000000000000000		0.00000000000000000000		0.00000000000000000000		0.00000000000000000000		0.00000000000000000000		0.00000000000000000000		0.00000000000000000000		0.00000000000000000000		0.00000000000000000000		0.00000000000000000000		0.00000000000000000000		0.00000000000000000000		0.00000000000000000000		0.00000000000000000000		0.00000000000000000000		0.00000000000000000000		0.00000000000000000000		0.00000000000000000000		0.00000000000000000000		0.00000000000000000000		0.00000000000000000000		0.00000000000000000000		0.00000000000000000000		0.00000000000000000000		0.00000000000000000000		0.00000000000000000000		0.00000000000000000000		0.00000000000000000000		0.00000000000000000000		0.00000000000000000000		0.00000000000000000000		0.00000000000000000000		0.00000000000000000000		0.00000000000000000000		0.00000000000000000000		0.00000000000000000000		0.00000000000000000000		0.00000000000000000000		0.00000000000000000000		0.00000000000000000000		0.00000000000000000000		0.00000000000000000000		0.00000000000000000000		0.00000000000000000000		0.00000000000000000000		0.00000000000000000000		0.00000000000000000000		0.00000000000000000000		0.00000000000000000000		0.00000000000000000000		0.00000000000000000000		0.00000000000000000000		0.00000000000000000000		0.00000000000000000000		0.00000000000000000000		0.00000000000000000000		0.00000000000000000000		0.00000000000000000000		0.00000000000000000000		0.00000000000000000000		0.00000000000000000000		0.00000000000000000000		0.00000000000000000000		0.00000000000000000000		0.00000000000000000000		0.00000000000000000000		0.00000000000000000000		0.00000000000000000000		0.00000000000000000000		0.00000000000000000000		0.00000000000000000000		0.00000000000000000000		0.00000000000000000000		0.00000000000000000000		0.00000000000000000000		0.00000000000000000000		0.00000000000000000000		0.00000000000000000000		0.00000000000000000000		0.00000000000000000000		0.00000000000000000000		0.00000000000000000000		0.00000000000000000000		0.00000000000000000000		0.00000000000000000000		0.00000000000000000000		0.73696240000000001746		0.73696240000000001746		0.73696240000000001746		0.73696240000000001746		0.73696240000000001746		0.73696240000000001746		0.73696240000000001746		0.73696240000000001746		0.73696240000000001746		0.73696240000000001746		0.00000000000000000000		0.00000000000000000000		0.00000000000000000000		0.00000000000000000000		0.00000000000000000000		0.00000000000000000000		0.00000000000000000000		0.00000000000000000000		0.00000000000000000000		0.00000000000000000000		0.00000000000000000000		0.00000000000000000000		0.00000000000000000000		0.00000000000000000000		0.00000000000000000000		0.00000000000000000000		0.00000000000000000000		0.00000000000000000000		0.00000000000000000000		0.00000000000000000000		0.00000000000000000000		0.00000000000000000000		0.00000000000000000000		0.00000000000000000000		0.00000000000000000000		0.00000000000000000000		0.00000000000000000000		0.00000000000000000000		0.00000000000000000000		0.00000000000000000000		0.00000000000000000000		0.00000000000000000000		0.00000000000000000000		0.00000000000000000000		0.00000000000000000000		0.00000000000000000000		0.00000000000000000000		0.00000000000000000000		0.00000000000000000000		0.00000000000000000000		0.00000000000000000000		0.00000000000000000000		0.00000000000000000000		0.00000000000000000000		0.00000000000000000000		0.00000000000000000000		0.00000000000000000000		0.00000000000000000000		0.00000000000000000000		0.00000000000000000000				 0.00000001000000000000		0.09420860000000000345
0.00000000000000000000		0.00000000000000000000		0.00000000000000000000		0.00000000000000000000		0.00000000000000000000		0.00000000000000000000		0.00000000000000000000		0.00000000000000000000		0.00000000000000000000		0.00000000000000000000		0.00000000000000000000				 0.00000000000000000000		0.00000000000000000000
799.99999999824217411515		799.99999999822705376573		799.99999999822705376573		799.99999999822705376573		799.99999999822705376573		799.99999999822705376573		799.99999999822705376573		799.99999999822705376573		799.99999999822705376573		799.99999999822705376573		0.00000000000000000000		0.00000000000000000000		0.00000000000000000000		0.00000000000000000000		0.00000000000000000000		0.00000000000000000000		0.00000000000000000000		0.00000000000000000000		0.00000000000000000000		0.00000000000000000000		0.00000000000000000000		0.00000000000000000000		0.00000000000000000000		0.00000000000000000000		0.00000000000000000000		0.00000000000000000000		0.00000000000000000000		0.00000000000000000000		0.00000000000000000000		0.00000000000000000000		0.00000000000000000000		0.00000000000000000001		0.00000000000000000001		0.00000000000000000002		0.00000000000000000003		0.00000000000000000003		0.00000000000000000004		0.00000000000000000004		0.00000000000000000004		0.00000000000000000004		0.22377150000026069243		0.22377150000049936263		0.22377150000069404023		0.22377150000082279835		0.22377150000086354353		0.22377150000079448766		0.22377150000059353729		0.22377150000023865450		0.22377149999970799565		0.22377149999970796790		0.00000000000000000018		0.00000000000000000038		0.00000000000000000056		0.00000000000000000081		0.00000000000000000100		0.00000000000000000127		0.00000000000000000142		0.00000000000000000164		0.00000000000000000164		0.00000000000000000164		0.00000000000000000001		0.00000000000000000001		0.00000000000000000002		0.00000000000000000002		0.00000000000000000003		0.00000000000000000003		0.00000000000000000003		0.00000000000000000003		0.00000000000000000003		0.00000000000000000003		0.00000000000000000000		0.00000000000000000000		0.00000000000000000000		0.00000000000000000000		0.00000000000000000000		0.00000000000000000000		0.00000000000000000000		0.00000000000000000000		0.00000000000030099799		0.00000000000030099799		0.00000000000000000003		0.00000000000000000007		0.00000000000000000011		0.00000000000000000015		0.00000000000000000019		0.00000000000000000024		0.00000000000000000027		0.00000000000000000031		0.00000000000000000031		0.00000000000000000031		0.00000000000000000000		0.00000000000000000000		0.00000000000000000000		0.00000000000000000000		0.00000000000000000000		0.00000000000000000000		0.00000000000000000000		0.00000000000000000000		0.00000000000000000000		0.00000000000000000000		0.00000000000000000000		0.00000000000000000000		0.00000000000000000000		0.00000000000000000000		0.00000000000000000000		0.00000000000000000000		0.00000000000000000000		0.00000000000000000000		0.00000000000000000000		0.00000000000000000000		0.00000000000000000000		0.00000000000000000000		0.00000000000000000000		0.00000000000000000000		0.00000000000000000000		0.00000000000000000000		0.00000000000000000000		0.00000000000000000000		0.00000000000000000000		0.00000000000000000000		0.00000000000000000000		0.00000000000000000000		0.00000000000000000000		0.00000000000000000000		0.00000000000000000000		0.00000000000000000000		0.00000000000000000000		0.00000000000000000000		0.00000000000000000000		0.00000000000000000000		0.00000000000000000000		0.00000000000000000000		0.00000000000000000000		0.00000000000000000000		0.00000000000000000000		0.00000000000000000000		0.00000000000000000000		0.00000000000000000000		0.00000000000013710774		0.00000000000013710774		0.03926610000013064372		0.03926610000025027719		0.03926610000034784498		0.03926610000041239751		0.03926610000043286725		0.03926610000039828380		0.03926610000029757269		0.03926610000011974272		0.03926609999985374022		0.03926609999985373328		0.00000000000000000000		0.00000000000000000000		0.00000000000000000000		0.00000000000000000000		0.00000000000000000000		0.00000000000000000000		0.00000000000000000000		0.00000000000000000000		0.00000000000000000000		0.00000000000000000000		0.00000000000000000000		0.00000000000000000000		0.00000000000000000000		0.00000000000000000000		0.00000000000000000000		0.00000000000000000000		0.00000000000000000000		0.00000000000000000000		0.00000000000000000000		0.00000000000000000000		0.00000000000000000000		0.00000000000000000000		0.00000000000000000000		0.00000000000000000000		0.00000000000000000000		0.00000000000000000000		0.00000000000000000000		0.00000000000000000000		0.00000000000000000000		0.00000000000000000000		0.00000000000000000033		0.00000000000000000069		0.00000000000000000102		0.00000000000000000146		0.00000000000000000180		0.00000000000000000228		0.00000000000000000255		0.00000000000000000294		0.00000000000000000294		0.00000000000000000294		0.00000000000000000000		0.00000000000000000000		0.00000000000000000000		0.00000000000000000000		0.00000000000000000000		0.00000000000000000000		0.00000000000000000000		0.00000000000000000000		0.00000000000000000000		0.00000000000000000000		0.00000000000000000001		0.00000000000000000002		0.00000000000000000003		0.00000000000000000004		0.00000000000000000005		0.00000000000000000006		0.00000000000000000007		0.00000000000000000008		0.00000000000000000008		0.00000000000000000008		0.00000000000000000000		0.00000000000000000000		0.00000000000000000000		0.00000000000000000000		0.00000000000000000000		0.00000000000000000000		0.00000000000000000000		0.00000000000000000000		0.00000000000000000000		0.00000000000000000000		0.00000000000000000000		0.00000000000000000000		0.00000000000000000000		0.00000000000000000000		0.00000000000000000000		0.00000000000000000000		0.00000000000000000000		0.00000000000000000000		0.00000000000000000000		0.00000000000000000000		0.00000000000000000000		0.00000000000000000000		0.00000000000000000000		0.00000000000000000000		0.00000000000000000000		0.00000000000000000000		0.00000000000000000000		0.00000000000000000000		0.00000000000000000000		0.00000000000000000000		0.00000000000000000000		0.00000000000000000000		0.00000000000000000000		0.00000000000000000000		0.00000000000000000000		0.00000000000000000000		0.00000000000000000000		0.00000000000000000000		0.00000000000000000000		0.00000000000000000000		0.00000000000000000000		0.00000000000000000000		0.00000000000000000000		0.00000000000000000000		0.00000000000000000000		0.00000000000000000000		0.00000000000000000000		0.00000000000000000000		0.00000000000000000000		0.00000000000000000000		0.00000000000000000000		0.00000000000000000000		0.00000000000000000000		0.00000000000000000000		0.00000000000000000000		0.00000000000000000000		0.00000000000000000000		0.00000000000000000000		0.00000000000000000000		0.00000000000000000000		0.00000000000000000000		0.00000000000000000000		0.00000000000000000000		0.00000000000000000000		0.00000000000000000000		0.00000000000000000000		0.00000000000000000000		0.00000000000000000000		0.00000000000000000000		0.00000000000000000000		0.00000000000000000000		0.00000000000000000000		0.00000000000000000000		0.00000000000000000000		0.00000000000000000000		0.00000000000000000000		0.00000000000000000000		0.00000000000000000000		0.00000000000000000000		0.00000000000000000000		0.00000000000000000000		0.00000000000000000000		0.00000000000000000000		0.00000000000000000000		0.00000000000000000000		0.00000000000000000000		0.00000000000000000000		0.00000000000000000000		0.00000000000000000000		0.00000000000000000000		0.00000000000000000000		0.00000000000000000000		0.00000000000000000000		0.00000000000000000000		0.00000000000000000000		0.00000000000000000000		0.00000000000000000000		0.00000000000000000000		0.00000000000000000000		0.00000000000000000000		0.00000000000000000000		0.00000000000000000000		0.00000000000000000000		0.00000000000000000000		0.00000000000000000000		0.00000000000000000000		0.00000000000000000000		0.00000000000000000000		0.00000000000000000000		0.00000000000000000000		0.00000000000000000000		0.00000000000000000000		0.00000000000000000000		0.00000000000000000000		0.00000000000000000000		0.00000000000000000000		0.00000000000000000000		0.00000000000000000000		0.00000000000000000000		0.00000000000000000000		0.00000000000000000000		0.00000000000000000000		0.00000000000000000000		0.00000000000000000000		0.00000000000000000000		0.00000000000000000000		0.00000000000000000000		0.00000000000000000000		0.00000000000000000000		0.00000000000000000000		0.00000000000000000000		0.00000000000000000000		0.00000000000000000000		0.00000000000000000000		0.00000000000000000000		0.00000000000000000000		0.00000000000000000000		0.00000000000000000000		0.00000000000000000000		0.00000000000000000000		0.00000000000000000000		0.00000000000000000000		0.00000000000000000000		0.00000000000000000000		0.00000000000000000000		0.00000000000000000000		0.00000000000000000000		0.00000000000000000000		0.00000000000000000000		0.00000000000000000000		0.00000000000000000000		0.00000000000000000000		0.00000000000000000000		0.00000000000000000000		0.00000000000000000000		0.00000000000000000000		0.00000000000000000000		0.00000000000000000000		0.00000000000000000000		0.00000000000000000000		0.00000000000000000000		0.00000000000000000000		0.00000000000000000000		0.00000000000000000000		0.00000000000000000000		0.00000000000000000000		0.00000000000000000000		0.00000000000000000000		0.00000000000000000000		0.00000000000000000000		0.00000000000000000000		0.00000000000000000000		0.00000000000000000000		0.00000000000000000000		0.00000000000000000000		0.00000000000000000000		0.00000000000000000000		0.00000000000000000000		0.00000000000000000000		0.00000000000000000000		0.00000000000000000000		0.00000000000000000000		0.00000000000000000000		0.00000000000000000000		0.00000000000000000000		0.00000000000000000000		0.00000000000000000000		0.00000000000000000000		0.00000000000000000000		0.00000000000000000000		0.00000000000000000000		0.00000000000000000000		0.00000000000000000000		0.00000000000000000000		0.00000000000000000000		0.00000000000000000000		0.00000000000000000000		0.00000000000000000000		0.00000000000000000000		0.00000000000000000000		0.00000000000000000000		0.00000000000000000000		0.00000000000000000000		0.00000000000000000000		0.00000000000000000000		0.00000000000000000000		0.00000000000000000000		0.00000000000000000000		0.00000000000000000000		0.00000000000000000000		0.00000000000000000000		0.00000000000000000000		0.00000000000000000000		0.00000000000000000000		0.00000000000000000000		0.00000000000000000000		0.00000000000000000000		0.00000000000000000000		0.00000000000000000000		0.00000000000000000000		0.00000000000000000000		0.00000000000000000000		0.00000000000000000000		0.00000000000000000000		0.00000000000000000000		0.00000000000000000000		0.00000000000000000000		0.00000000000000000000		0.00000000000000000000		0.00000000000000000000		0.00000000000000000000		0.00000000000000000000		0.00000000000000000000		0.00000000000000000000		0.00000000000000000000		0.00000000000000000000		0.00000000000000000000		0.00000000000000000000		0.00000000000000000000		0.00000000000000000000		0.00000000000000000000		0.00000000000000000000		0.00000000000000000000		0.00000000000000000000		0.00000000000000000000		0.00000000000000000000		0.00000000000000000000		0.00000000000000000000		0.00000000000000000000		0.00000000000000000000		0.00000000000000000000		0.00000000000000000000		0.00000000000000000000		0.00000000000000000000		0.00000000000000000000		0.00000000000000000000		0.00000000000000000000		0.00000000000000000000		0.00000000000000000000		0.00000000000000000000		0.00000000000000000000		0.00000000000000000000		0.00000000000000000000		0.00000000000000000000		0.00000000000000000000		0.00000000000000000000		0.00000000000000000000		0.00000000000000000000		0.00000000000000000000		0.00000000000000000000		0.73696240000000001746		0.73696240000000001746		0.73696240000000001746		0.73696240000000001746		0.73696240000000001746		0.73696240000000001746		0.73696240000000001746		0.73696240000000001746		0.73696240000000001746		0.73696240000000001746		0.00000000000000000000		0.00000000000000000000		0.00000000000000000000		0.00000000000000000000		0.00000000000000000000		0.00000000000000000000		0.00000000000000000000		0.00000000000000000000		0.00000000000000000000		0.00000000000000000000		0.00000000000000000000		0.00000000000000000000		0.00000000000000000000		0.00000000000000000000		0.00000000000000000000		0.00000000000000000000		0.00000000000000000000		0.00000000000000000000		0.00000000000000000000		0.00000000000000000000		0.00000000000000000000		0.00000000000000000000		0.00000000000000000000		0.00000000000000000000		0.00000000000000000000		0.00000000000000000000		0.00000000000000000000		0.00000000000000000000		0.00000000000000000000		0.00000000000000000000		0.00000000000000000000		0.00000000000000000000		0.00000000000000000000		0.00000000000000000000		0.00000000000000000000		0.00000000000000000000		0.00000000000000000000		0.00000000000000000000		0.00000000000000000000		0.00000000000000000000		0.00000000000000000000		0.00000000000000000000		0.00000000000000000000		0.00000000000000000000		0.00000000000000000000		0.00000000000000000000		0.00000000000000000000		0.00000000000000000000		0.00000000000000000000		0.00000000000000000000				 0.00000001000000000000		0.09774259999999999893
0.00000000000000000000		0.00000000000000000000		0.00000000000000000000		0.00000000000000000000		0.00000000000000000000		0.00000000000000000000		0.00000000000000000000		0.00000000000000000000		0.00000000000000000000		0.00000000000000000000		0.00000000000000000000				 0.00000000000000000000		0.00000000000000000000
799.99999999817532625457		799.99999999817532625457		799.99999999817532625457		799.99999999817532625457		799.99999999817532625457		799.99999999817532625457		799.99999999817532625457		799.99999999817532625457		799.99999999817532625457		799.99999999817532625457		0.00000000000000000000		0.00000000000000000000		0.00000000000000000000		0.00000000000000000000		0.00000000000000000000		0.00000000000000000000		0.00000000000000000000		0.00000000000000000000		0.00000000000000000000		0.00000000000000000000		0.00000000000000000001		0.00000000000000000001		0.00000000000000000001		0.00000000000000000001		0.00000000000000000001		0.00000000000000000001		0.00000000000000000001		0.00000000000000000001		0.00000000000000000001		0.00000000000000000001		0.00000000000000000000		0.00000000000000000000		0.00000000000000000000		0.00000000000000000000		0.00000000000000000000		0.00000000000000000000		0.00000000000000000000		0.00000000000000000000		0.00000000000000000000		0.00000000000000000000		0.22377149999969969674		0.22377149999969969674		0.22377149999969969674		0.22377149999969969674		0.22377149999969969674		0.22377149999969969674		0.22377149999969969674		0.22377149999969969674		0.22377149999969969674		0.22377149999969969674		0.00000000000000000000		0.00000000000000000000		0.00000000000000000000		0.00000000000000000000		0.00000000000000000000		0.00000000000000000000		0.00000000000000000000		0.00000000000000000000		0.00000000000000000000		0.00000000000000000000		0.00000000000000000000		0.00000000000000000000		0.00000000000000000000		0.00000000000000000000		0.00000000000000000000		0.00000000000000000000		0.00000000000000000000		0.00000000000000000000		0.00000000000000000000		0.00000000000000000000		0.00000000000030977834		0.00000000000030977834		0.00000000000030977834		0.00000000000030977834		0.00000000000030977834		0.00000000000030977834		0.00000000000030977834		0.00000000000030977834		0.00000000000030977834		0.00000000000030977834		0.00000000000000000000		0.00000000000000000000		0.00000000000000000000		0.00000000000000000000		0.00000000000000000000		0.00000000000000000000		0.00000000000000000000		0.00000000000000000000		0.00000000000000000000		0.00000000000000000000		0.00000000000000000000		0.00000000000000000000		0.00000000000000000000		0.00000000000000000000		0.00000000000000000000		0.00000000000000000000		0.00000000000000000000		0.00000000000000000000		0.00000000000000000000		0.00000000000000000000		0.00000000000000000000		0.00000000000000000000		0.00000000000000000000		0.00000000000000000000		0.00000000000000000000		0.00000000000000000000		0.00000000000000000000		0.00000000000000000000		0.00000000000000000000		0.00000000000000000000		0.00000000000000000000		0.00000000000000000000		0.00000000000000000000		0.00000000000000000000		0.00000000000000000000		0.00000000000000000000		0.00000000000000000000		0.00000000000000000000		0.00000000000000000000		0.00000000000000000000		0.00000000000000000000		0.00000000000000000000		0.00000000000000000000		0.00000000000000000000		0.00000000000000000000		0.00000000000000000000		0.00000000000000000000		0.00000000000000000000		0.00000000000000000000		0.00000000000000000000		0.00000000000014110858		0.00000000000014110858		0.00000000000014110858		0.00000000000014110858		0.00000000000014110858		0.00000000000014110858		0.00000000000014110858		0.00000000000014110858		0.00000000000014110858		0.00000000000014110858		0.03926609999984943117		0.03926609999984943117		0.03926609999984943117		0.03926609999984943117		0.03926609999984943117		0.03926609999984943117		0.03926609999984943117		0.03926609999984943117		0.03926609999984943117		0.03926609999984943117		0.00000000000000000000		0.00000000000000000000		0.00000000000000000000		0.00000000000000000000		0.00000000000000000000		0.00000000000000000000		0.00000000000000000000		0.00000000000000000000		0.00000000000000000000		0.00000000000000000000		0.00000000000000000000		0.00000000000000000000		0.00000000000000000000		0.00000000000000000000		0.00000000000000000000		0.00000000000000000000		0.00000000000000000000		0.00000000000000000000		0.00000000000000000000		0.00000000000000000000		0.00000000000000000000		0.00000000000000000000		0.00000000000000000000		0.00000000000000000000		0.00000000000000000000		0.00000000000000000000		0.00000000000000000000		0.00000000000000000000		0.00000000000000000000		0.00000000000000000000		0.00000000000000000000		0.00000000000000000000		0.00000000000000000000		0.00000000000000000000		0.00000000000000000000		0.00000000000000000000		0.00000000000000000000		0.00000000000000000000		0.00000000000000000000		0.00000000000000000000		0.00000000000000000000		0.00000000000000000000		0.00000000000000000000		0.00000000000000000000		0.00000000000000000000		0.00000000000000000000		0.00000000000000000000		0.00000000000000000000		0.00000000000000000000		0.00000000000000000000		0.00000000000000000000		0.00000000000000000000		0.00000000000000000000		0.00000000000000000000		0.00000000000000000000		0.00000000000000000000		0.00000000000000000000		0.00000000000000000000		0.00000000000000000000		0.00000000000000000000		0.00000000000000000000		0.00000000000000000000		0.00000000000000000000		0.00000000000000000000		0.00000000000000000000		0.00000000000000000000		0.00000000000000000000		0.00000000000000000000		0.00000000000000000000		0.00000000000000000000		0.00000000000000000000		0.00000000000000000000		0.00000000000000000000		0.00000000000000000000		0.00000000000000000000		0.00000000000000000000		0.00000000000000000000		0.00000000000000000000		0.00000000000000000000		0.00000000000000000000		0.00000000000000000000		0.00000000000000000000		0.00000000000000000000		0.00000000000000000000		0.00000000000000000000		0.00000000000000000000		0.00000000000000000000		0.00000000000000000000		0.00000000000000000000		0.00000000000000000000		0.00000000000000000000		0.00000000000000000000		0.00000000000000000000		0.00000000000000000000		0.00000000000000000000		0.00000000000000000000		0.00000000000000000000		0.00000000000000000000		0.00000000000000000000		0.00000000000000000000		0.00000000000000000000		0.00000000000000000000		0.00000000000000000000		0.00000000000000000000		0.00000000000000000000		0.00000000000000000000		0.00000000000000000000		0.00000000000000000000		0.00000000000000000000		0.00000000000000000000		0.00000000000000000000		0.00000000000000000000		0.00000000000000000000		0.00000000000000000000		0.00000000000000000000		0.00000000000000000000		0.00000000000000000000		0.00000000000000000000		0.00000000000000000000		0.00000000000000000000		0.00000000000000000000		0.00000000000000000000		0.00000000000000000000		0.00000000000000000000		0.00000000000000000000		0.00000000000000000000		0.00000000000000000000		0.00000000000000000000		0.00000000000000000000		0.00000000000000000000		0.00000000000000000000		0.00000000000000000000		0.00000000000000000000		0.00000000000000000000		0.00000000000000000000		0.00000000000000000000		0.00000000000000000000		0.00000000000000000000		0.00000000000000000000		0.00000000000000000000		0.00000000000000000000		0.00000000000000000000		0.00000000000000000000		0.00000000000000000000		0.00000000000000000000		0.00000000000000000000		0.00000000000000000000		0.00000000000000000000		0.00000000000000000000		0.00000000000000000000		0.00000000000000000000		0.00000000000000000000		0.00000000000000000000		0.00000000000000000000		0.00000000000000000000		0.00000000000000000000		0.00000000000000000000		0.00000000000000000000		0.00000000000000000000		0.00000000000000000000		0.00000000000000000000		0.00000000000000000000		0.00000000000000000000		0.00000000000000000000		0.00000000000000000000		0.00000000000000000000		0.00000000000000000000		0.00000000000000000000		0.00000000000000000000		0.00000000000000000000		0.00000000000000000000		0.00000000000000000000		0.00000000000000000000		0.00000000000000000000		0.00000000000000000000		0.00000000000000000000		0.00000000000000000000		0.00000000000000000000		0.00000000000000000000		0.00000000000000000000		0.00000000000000000000		0.00000000000000000000		0.00000000000000000000		0.00000000000000000000		0.00000000000000000000		0.00000000000000000000		0.00000000000000000000		0.00000000000000000000		0.00000000000000000000		0.00000000000000000000		0.00000000000000000000		0.00000000000000000000		0.00000000000000000000		0.00000000000000000000		0.00000000000000000000		0.00000000000000000000		0.00000000000000000000		0.00000000000000000000		0.00000000000000000000		0.00000000000000000000		0.00000000000000000000		0.00000000000000000000		0.00000000000000000000		0.00000000000000000000		0.00000000000000000000		0.00000000000000000000		0.00000000000000000000		0.00000000000000000000		0.00000000000000000000		0.00000000000000000000		0.00000000000000000000		0.00000000000000000000		0.00000000000000000000		0.00000000000000000000		0.00000000000000000000		0.00000000000000000000		0.00000000000000000000		0.00000000000000000000		0.00000000000000000000		0.00000000000000000000		0.00000000000000000000		0.00000000000000000000		0.00000000000000000000		0.00000000000000000000		0.00000000000000000000		0.00000000000000000000		0.00000000000000000000		0.00000000000000000000		0.00000000000000000000		0.00000000000000000000		0.00000000000000000000		0.00000000000000000000		0.00000000000000000000		0.00000000000000000000		0.00000000000000000000		0.00000000000000000000		0.00000000000000000000		0.00000000000000000000		0.00000000000000000000		0.00000000000000000000		0.00000000000000000000		0.00000000000000000000		0.00000000000000000000		0.00000000000000000000		0.00000000000000000000		0.00000000000000000000		0.00000000000000000000		0.00000000000000000000		0.00000000000000000000		0.00000000000000000000		0.00000000000000000000		0.00000000000000000000		0.00000000000000000000		0.00000000000000000000		0.00000000000000000000		0.00000000000000000000		0.00000000000000000000		0.00000000000000000000		0.00000000000000000000		0.00000000000000000000		0.00000000000000000000		0.00000000000000000000		0.00000000000000000000		0.00000000000000000000		0.00000000000000000000		0.00000000000000000000		0.00000000000000000000		0.00000000000000000000		0.00000000000000000000		0.00000000000000000000		0.00000000000000000000		0.00000000000000000000		0.00000000000000000000		0.00000000000000000000		0.00000000000000000000		0.00000000000000000000		0.00000000000000000000		0.00000000000000000000		0.00000000000000000000		0.00000000000000000000		0.00000000000000000000		0.00000000000000000000		0.00000000000000000000		0.00000000000000000000		0.00000000000000000000		0.00000000000000000000		0.00000000000000000000		0.00000000000000000000		0.00000000000000000000		0.00000000000000000000		0.00000000000000000000		0.00000000000000000000		0.00000000000000000000		0.00000000000000000000		0.00000000000000000000		0.00000000000000000000		0.00000000000000000000		0.00000000000000000000		0.00000000000000000000		0.00000000000000000000		0.00000000000000000000		0.00000000000000000000		0.00000000000000000000		0.00000000000000000000		0.00000000000000000000		0.00000000000000000000		0.00000000000000000000		0.00000000000000000000		0.00000000000000000000		0.00000000000000000000		0.00000000000000000000		0.00000000000000000000		0.00000000000000000000		0.00000000000000000000		0.00000000000000000000		0.00000000000000000000		0.00000000000000000000		0.00000000000000000000		0.00000000000000000000		0.00000000000000000000		0.00000000000000000000		0.00000000000000000000		0.00000000000000000000		0.00000000000000000000		0.00000000000000000000		0.00000000000000000000		0.00000000000000000000		0.00000000000000000000		0.00000000000000000000		0.00000000000000000000		0.73696240000000001746		0.73696240000000001746		0.73696240000000001746		0.73696240000000001746		0.73696240000000001746		0.73696240000000001746		0.73696240000000001746		0.73696240000000001746		0.73696240000000001746		0.73696240000000001746		0.00000000000000000000		0.00000000000000000000		0.00000000000000000000		0.00000000000000000000		0.00000000000000000000		0.00000000000000000000		0.00000000000000000000		0.00000000000000000000		0.00000000000000000000		0.00000000000000000000		0.00000000000000000000		0.00000000000000000000		0.00000000000000000000		0.00000000000000000000		0.00000000000000000000		0.00000000000000000000		0.00000000000000000000		0.00000000000000000000		0.00000000000000000000		0.00000000000000000000		0.00000000000000000000		0.00000000000000000000		0.00000000000000000000		0.00000000000000000000		0.00000000000000000000		0.00000000000000000000		0.00000000000000000000		0.00000000000000000000		0.00000000000000000000		0.00000000000000000000		0.00000000000000000000		0.00000000000000000000		0.00000000000000000000		0.00000000000000000000		0.00000000000000000000		0.00000000000000000000		0.00000000000000000000		0.00000000000000000000		0.00000000000000000000		0.00000000000000000000		0.00000000000000000000		0.00000000000000000000		0.00000000000000000000		0.00000000000000000000		0.00000000000000000000		0.00000000000000000000		0.00000000000000000000		0.00000000000000000000		0.00000000000000000000		0.00000000000000000000				 0.00000001000000000000		0.08785129999999999328
0.00000000000000000000		0.00000000000000000000		0.00000000000000000000		0.00000000000000000000		0.00000000000000000000		0.00000000000000000000		0.00000000000000000000		0.00000000000000000000		0.00000000000000000000		0.00000000000000000000		0.00000000000000000000				 0.00000000000000000000		0.00000000000000000000
799.99999999824217411515		799.99999999822705376573		799.99999999822705376573		799.99999999822705376573		799.99999999822705376573		799.99999999822705376573		799.99999999822705376573		799.99999999822705376573		799.99999999822705376573		799.99999999822705376573		0.00000000000000000000		0.00000000000000000000		0.00000000000000000000		0.00000000000000000000		0.00000000000000000000		0.00000000000000000000		0.00000000000000000000		0.00000000000000000000		0.00000000000000000000		0.00000000000000000000		0.00000000000000000000		0.00000000000000000000		0.00000000000000000000		0.00000000000000000000		0.00000000000000000000		0.00000000000000000000		0.00000000000000000000		0.00000000000000000000		0.00000000000000000000		0.00000000000000000000		0.00000000000000000000		0.00000000000000000001		0.00000000000000000001		0.00000000000000000002		0.00000000000000000003		0.00000000000000000003		0.00000000000000000004		0.00000000000000000004		0.00000000000000000004		0.00000000000000000004		0.22377150000026069243		0.22377150000049936263		0.22377150000069404023		0.22377150000082279835		0.22377150000086354353		0.22377150000079448766		0.22377150000059353729		0.22377150000023865450		0.22377149999970799565		0.22377149999970796790		0.00000000000000000018		0.00000000000000000038		0.00000000000000000056		0.00000000000000000081		0.00000000000000000100		0.00000000000000000127		0.00000000000000000142		0.00000000000000000164		0.00000000000000000164		0.00000000000000000164		0.00000000000000000001		0.00000000000000000001		0.00000000000000000002		0.00000000000000000002		0.00000000000000000003		0.00000000000000000003		0.00000000000000000003		0.00000000000000000003		0.00000000000000000003		0.00000000000000000003		0.00000000000000000000		0.00000000000000000000		0.00000000000000000000		0.00000000000000000000		0.00000000000000000000		0.00000000000000000000		0.00000000000000000000		0.00000000000000000000		0.00000000000030099799		0.00000000000030099799		0.00000000000000000003		0.00000000000000000007		0.00000000000000000011		0.00000000000000000015		0.00000000000000000019		0.00000000000000000024		0.00000000000000000027		0.00000000000000000031		0.00000000000000000031		0.00000000000000000031		0.00000000000000000000		0.00000000000000000000		0.00000000000000000000		0.00000000000000000000		0.00000000000000000000		0.00000000000000000000		0.00000000000000000000		0.00000000000000000000		0.00000000000000000000		0.00000000000000000000		0.00000000000000000000		0.00000000000000000000		0.00000000000000000000		0.00000000000000000000		0.00000000000000000000		0.00000000000000000000		0.00000000000000000000		0.00000000000000000000		0.00000000000000000000		0.00000000000000000000		0.00000000000000000000		0.00000000000000000000		0.00000000000000000000		0.00000000000000000000		0.00000000000000000000		0.00000000000000000000		0.00000000000000000000		0.00000000000000000000		0.00000000000000000000		0.00000000000000000000		0.00000000000000000000		0.00000000000000000000		0.00000000000000000000		0.00000000000000000000		0.00000000000000000000		0.00000000000000000000		0.00000000000000000000		0.00000000000000000000		0.00000000000000000000		0.00000000000000000000		0.00000000000000000000		0.00000000000000000000		0.00000000000000000000		0.00000000000000000000		0.00000000000000000000		0.00000000000000000000		0.00000000000000000000		0.00000000000000000000		0.00000000000013710774		0.00000000000013710774		0.03926610000013064372		0.03926610000025027719		0.03926610000034784498		0.03926610000041239751		0.03926610000043286725		0.03926610000039828380		0.03926610000029757269		0.03926610000011974272		0.03926609999985374022		0.03926609999985373328		0.00000000000000000000		0.00000000000000000000		0.00000000000000000000		0.00000000000000000000		0.00000000000000000000		0.00000000000000000000		0.00000000000000000000		0.00000000000000000000		0.00000000000000000000		0.00000000000000000000		0.00000000000000000000		0.00000000000000000000		0.00000000000000000000		0.00000000000000000000		0.00000000000000000000		0.00000000000000000000		0.00000000000000000000		0.00000000000000000000		0.00000000000000000000		0.00000000000000000000		0.00000000000000000000		0.00000000000000000000		0.00000000000000000000		0.00000000000000000000		0.00000000000000000000		0.00000000000000000000		0.00000000000000000000		0.00000000000000000000		0.00000000000000000000		0.00000000000000000000		0.00000000000000000033		0.00000000000000000069		0.00000000000000000102		0.00000000000000000146		0.00000000000000000180		0.00000000000000000228		0.00000000000000000255		0.00000000000000000294		0.00000000000000000294		0.00000000000000000294		0.00000000000000000000		0.00000000000000000000		0.00000000000000000000		0.00000000000000000000		0.00000000000000000000		0.00000000000000000000		0.00000000000000000000		0.00000000000000000000		0.00000000000000000000		0.00000000000000000000		0.00000000000000000001		0.00000000000000000002		0.00000000000000000003		0.00000000000000000004		0.00000000000000000005		0.00000000000000000006		0.00000000000000000007		0.00000000000000000008		0.00000000000000000008		0.00000000000000000008		0.00000000000000000000		0.00000000000000000000		0.00000000000000000000		0.00000000000000000000		0.00000000000000000000		0.00000000000000000000		0.00000000000000000000		0.00000000000000000000		0.00000000000000000000		0.00000000000000000000		0.00000000000000000000		0.00000000000000000000		0.00000000000000000000		0.00000000000000000000		0.00000000000000000000		0.00000000000000000000		0.00000000000000000000		0.00000000000000000000		0.00000000000000000000		0.00000000000000000000		0.00000000000000000000		0.00000000000000000000		0.00000000000000000000		0.00000000000000000000		0.00000000000000000000		0.00000000000000000000		0.00000000000000000000		0.00000000000000000000		0.00000000000000000000		0.00000000000000000000		0.00000000000000000000		0.00000000000000000000		0.00000000000000000000		0.00000000000000000000		0.00000000000000000000		0.00000000000000000000		0.00000000000000000000		0.00000000000000000000		0.00000000000000000000		0.00000000000000000000		0.00000000000000000000		0.00000000000000000000		0.00000000000000000000		0.00000000000000000000		0.00000000000000000000		0.00000000000000000000		0.00000000000000000000		0.00000000000000000000		0.00000000000000000000		0.00000000000000000000		0.00000000000000000000		0.00000000000000000000		0.00000000000000000000		0.00000000000000000000		0.00000000000000000000		0.00000000000000000000		0.00000000000000000000		0.00000000000000000000		0.00000000000000000000		0.00000000000000000000		0.00000000000000000000		0.00000000000000000000		0.00000000000000000000		0.00000000000000000000		0.00000000000000000000		0.00000000000000000000		0.00000000000000000000		0.00000000000000000000		0.00000000000000000000		0.00000000000000000000		0.00000000000000000000		0.00000000000000000000		0.00000000000000000000		0.00000000000000000000		0.00000000000000000000		0.00000000000000000000		0.00000000000000000000		0.00000000000000000000		0.00000000000000000000		0.00000000000000000000		0.00000000000000000000		0.00000000000000000000		0.00000000000000000000		0.00000000000000000000		0.00000000000000000000		0.00000000000000000000		0.00000000000000000000		0.00000000000000000000		0.00000000000000000000		0.00000000000000000000		0.00000000000000000000		0.00000000000000000000		0.00000000000000000000		0.00000000000000000000		0.00000000000000000000		0.00000000000000000000		0.00000000000000000000		0.00000000000000000000		0.00000000000000000000		0.00000000000000000000		0.00000000000000000000		0.00000000000000000000		0.00000000000000000000		0.00000000000000000000		0.00000000000000000000		0.00000000000000000000		0.00000000000000000000		0.00000000000000000000		0.00000000000000000000		0.00000000000000000000		0.00000000000000000000		0.00000000000000000000		0.00000000000000000000		0.00000000000000000000		0.00000000000000000000		0.00000000000000000000		0.00000000000000000000		0.00000000000000000000		0.00000000000000000000		0.00000000000000000000		0.00000000000000000000		0.00000000000000000000		0.00000000000000000000		0.00000000000000000000		0.00000000000000000000		0.00000000000000000000		0.00000000000000000000		0.00000000000000000000		0.00000000000000000000		0.00000000000000000000		0.00000000000000000000		0.00000000000000000000		0.00000000000000000000		0.00000000000000000000		0.00000000000000000000		0.00000000000000000000		0.00000000000000000000		0.00000000000000000000		0.00000000000000000000		0.00000000000000000000		0.00000000000000000000		0.00000000000000000000		0.00000000000000000000		0.00000000000000000000		0.00000000000000000000		0.00000000000000000000		0.00000000000000000000		0.00000000000000000000		0.00000000000000000000		0.00000000000000000000		0.00000000000000000000		0.00000000000000000000		0.00000000000000000000		0.00000000000000000000		0.00000000000000000000		0.00000000000000000000		0.00000000000000000000		0.00000000000000000000		0.00000000000000000000		0.00000000000000000000		0.00000000000000000000		0.00000000000000000000		0.00000000000000000000		0.00000000000000000000		0.00000000000000000000		0.00000000000000000000		0.00000000000000000000		0.00000000000000000000		0.00000000000000000000		0.00000000000000000000		0.00000000000000000000		0.00000000000000000000		0.00000000000000000000		0.00000000000000000000		0.00000000000000000000		0.00000000000000000000		0.00000000000000000000		0.00000000000000000000		0.00000000000000000000		0.00000000000000000000		0.00000000000000000000		0.00000000000000000000		0.00000000000000000000		0.00000000000000000000		0.00000000000000000000		0.00000000000000000000		0.00000000000000000000		0.00000000000000000000		0.00000000000000000000		0.00000000000000000000		0.00000000000000000000		0.00000000000000000000		0.00000000000000000000		0.00000000000000000000		0.00000000000000000000		0.00000000000000000000		0.00000000000000000000		0.00000000000000000000		0.00000000000000000000		0.00000000000000000000		0.00000000000000000000		0.00000000000000000000		0.00000000000000000000		0.00000000000000000000		0.00000000000000000000		0.00000000000000000000		0.00000000000000000000		0.00000000000000000000		0.00000000000000000000		0.00000000000000000000		0.00000000000000000000		0.00000000000000000000		0.00000000000000000000		0.00000000000000000000		0.00000000000000000000		0.00000000000000000000		0.00000000000000000000		0.00000000000000000000		0.00000000000000000000		0.00000000000000000000		0.00000000000000000000		0.00000000000000000000		0.00000000000000000000		0.00000000000000000000		0.00000000000000000000		0.00000000000000000000		0.00000000000000000000		0.00000000000000000000		0.00000000000000000000		0.00000000000000000000		0.00000000000000000000		0.00000000000000000000		0.00000000000000000000		0.00000000000000000000		0.00000000000000000000		0.00000000000000000000		0.00000000000000000000		0.00000000000000000000		0.00000000000000000000		0.00000000000000000000		0.00000000000000000000		0.00000000000000000000		0.00000000000000000000		0.00000000000000000000		0.00000000000000000000		0.00000000000000000000		0.00000000000000000000		0.00000000000000000000		0.00000000000000000000		0.00000000000000000000		0.00000000000000000000		0.00000000000000000000		0.00000000000000000000		0.00000000000000000000		0.00000000000000000000		0.00000000000000000000		0.00000000000000000000		0.00000000000000000000		0.00000000000000000000		0.00000000000000000000		0.00000000000000000000		0.00000000000000000000		0.00000000000000000000		0.00000000000000000000		0.00000000000000000000		0.00000000000000000000		0.00000000000000000000		0.00000000000000000000		0.00000000000000000000		0.00000000000000000000		0.73696240000000001746		0.73696240000000001746		0.73696240000000001746		0.73696240000000001746		0.73696240000000001746		0.73696240000000001746		0.73696240000000001746		0.73696240000000001746		0.73696240000000001746		0.73696240000000001746		0.00000000000000000000		0.00000000000000000000		0.00000000000000000000		0.00000000000000000000		0.00000000000000000000		0.00000000000000000000		0.00000000000000000000		0.00000000000000000000		0.00000000000000000000		0.00000000000000000000		0.00000000000000000000		0.00000000000000000000		0.00000000000000000000		0.00000000000000000000		0.00000000000000000000		0.00000000000000000000		0.00000000000000000000		0.00000000000000000000		0.00000000000000000000		0.00000000000000000000		0.00000000000000000000		0.00000000000000000000		0.00000000000000000000		0.00000000000000000000		0.00000000000000000000		0.00000000000000000000		0.00000000000000000000		0.00000000000000000000		0.00000000000000000000		0.00000000000000000000		0.00000000000000000000		0.00000000000000000000		0.00000000000000000000		0.00000000000000000000		0.00000000000000000000		0.00000000000000000000		0.00000000000000000000		0.00000000000000000000		0.00000000000000000000		0.00000000000000000000		0.00000000000000000000		0.00000000000000000000		0.00000000000000000000		0.00000000000000000000		0.00000000000000000000		0.00000000000000000000		0.00000000000000000000		0.00000000000000000000		0.00000000000000000000		0.00000000000000000000				 0.00000001000000000000		0.09698379999999999501
0.00000000000000000000		0.00000000000000000000		0.00000000000000000000		0.00000000000000000000		0.00000000000000000000		0.00000000000000000000		0.00000000000000000000		0.00000000000000000000		0.00000000000000000000		0.00000000000000000000		0.00000000000000000000				 0.00000000000000000000		0.00000000000000000000
