900.00216572303440898395		0.27431203224006717178		0.72568621005303790561		0.00000000001765926160		0.00000000000520746649		0.00000051709749693795		0.00000000004103664247		0.00000148253912521112		0.00000001429775260839				 0.00001000000000000000		0.00375999999999999989
152310421593246835444547584.00000000000000000000		33304659739827744276480.00000000000000000000		-187769172469804768952320.00000000000000000000		60347901764376207556608.00000000000000000000		275060988261991874297856.00000000000000000000		-167333510662775212343296.00000000000000000000		-25177114584116996603904.00000000000000000000		223508133137804345475072.00000000000000000000		-212055804393818630914048.00000000000000000000				 0.00124000000000000000Mass fraction error : 1184557285014507165319168.00000000000000000000
900.00248758264729076473		0.27431201032053026401		0.72568584874891284286		0.00000000002055407436		0.00000000000618225989		0.00000057523777807215		0.00000000004639244835		0.00000161707237506827		0.00000020495698979646				 0.00001000000000000000		0.01101859999999999819
900.00216572303440898395		0.27431203224006717178		0.72568621005303790561		0.00000000001765926160		0.00000000000520746649		0.00000051709749693795		0.00000000004103664247		0.00000148253912521112		0.00000001429775260839				 0.00001000000000000000		0.00394239999999999955
900.57702581148782883247		0.24323566244153937976		0.82254759100977159481		-0.10792879401736726885		-0.05403463738861212506		0.16373825887850521066		0.01858700164236506622		-0.08614933991149439918		0.00000425804135760598				 0.00002000000000000000Mass fraction error : 0.49622554333097923518
900.00000122339838526386		0.27431213524869108022		0.72568785828715198782		0.00000000000212575929		0.00000000000057419870		0.00000000059295981321		0.00000000000480103993		0.00000000582701896960		0.00000000003667724054				 0.00000100000000000000		0.00998989999999999774
900.00115583002889252384		0.27431204574045919831		0.72568621255576748474		0.00000000001519472348		0.00000000000566619470		0.00000027566295286038		0.00000000003431482710		0.00000097486262089953		0.00000049112302678562				 0.00000100000000000000		0.78462590000000020929
906.54218178082851409272		0.27402312870986267335		0.72280794720742391757		0.00000001097589120795		0.00000000972399450716		0.00199543722256832279		0.00000002449955963176		0.00013423227625062895		0.00103920938445053079				 0.00000100000000000000		8.00742330000110946742
-616565324557595.37500000000000000000		1003794773871.33398437500000000000		418760510889.16436767578125000000		31898795971.03266906738281250000		7678163293876.94628906250000000000		-8211592356579.59765625000000000000		-608633840824.62011718750000000000		-5841916696148.29980468750000000000		-1983171870.36714196205139160156				 0.12255999999999998840Mass fraction error : 1256927392555221.00000000000000000000
1989.65681373883580818074		0.14649986000175196921		-0.02083983783855303598		-0.01283645816966352826		-0.24738076000942815780		0.92840735766548987407		0.03477450806599389349		0.21941790182557158184		-0.04938718875473561282				 0.12257010000000000127Mass fraction error : 0.65954387233136912982
2706.08017846741859102622		0.17737747094344136212		0.00025610928353135586		0.00062133918639181588		0.01449995995045884160		0.80083444040102014228		0.00646248288192558754		0.00000045443574532482		0.00000012759506726894				 0.00000001000000000000		4871.84858305523357557831 T=1Hydrogen1
