1.22435864019124e-08
2.46147179898877e-08
3.72421634401147e-08
5.02571465629368e-08
6.37945943393899e-08
7.79944097569259e-08
9.30027781000022e-08
1.08973515677509e-07
1.26069470368234e-07
1.44463983832772e-07
1.6434242577013e-07
1.85903811184856e-07
2.09362512270569e-07
2.34950077204892e-07
2.6291716888486e-07
2.93535637410021e-07
3.27100740940541e-07
3.63933530421817e-07
4.04383414575707e-07
4.4883092251638e-07
4.97690682359195e-07
5.51414635260162e-07
6.10495505457599e-07
6.75470548093551e-07
7.46925597877464e-07
8.25499443026972e-07
9.11888550386356e-07
1.00685216919171e-06
1.11121784262786e-06
1.22588735811321e-06
1.3518431691617e-06
1.490155323708e-06
1.64198893595263e-06
1.80861224108623e-06
1.99140527469534e-06
2.19186922123558e-06
2.41163647868551e-06
2.65248148936907e-06
2.91633238995673e-06
3.20528353682711e-06
3.52160896629611e-06
3.86777685269536e-06
4.24646503091363e-06
4.6605776537997e-06
5.11326305876401e-06
5.60793292201584e-06
6.14828278311921e-06
6.73831402696257e-06
7.38235741479031e-06
8.08509826066198e-06
8.85160335456004e-06
9.68734973836844e-06
1.05982554461034e-05
1.159071232503e-05
1.26716210597272e-05
1.38484285266666e-05
1.51291676125014e-05
1.65224996349766e-05
1.80377595111693e-05
1.9685003823616e-05
2.14750619407783e-05
2.34195903542115e-05
2.55311304006966e-05
2.7823169543458e-05
3.03102063923913e-05
3.30078196489063e-05
3.59327411665321e-05
3.91029333237943e-05
4.25376709109953e-05
4.62576277373478e-05
5.02849681694146e-05
5.46434438158743e-05
5.93584955772574e-05
6.44573612823267e-05
6.99691891352456e-05
7.5925157199365e-05
8.23585991444187e-05
8.93051364839088e-05
9.6802817528519e-05
0.000104892263279285
0.000113616820480969
0.000123022722051386
0.000133159255096349
0.000144078936712108
0.000155837697767667
0.00016849507484799
0.000182114410525616
0.000196763062112562
0.000212512619026393
0.000229439128883701
0.000247623332411109
0.000267150907237654
0.000288112720603419
0.000310605090986844
0.000334730058617548
0.000360595664802379
0.000388316239949426
0.00041801270012854
0.000449812851956087
0.000483851705537573
0.00052027179514307
0.00055922350722821
0.000600865415346251
0.00064536462142673
0.000692897102820572
0.000743648064433437
0.000797812295185856
0.00085559452795308
0.000917209802047294
0.000982883827212397
0.00105285334800651
0.00112736650734859
0.00120668320790731
0.0012910754699089
0.0013808277838397
0.00147623745641877
0.00157761494811528
0.00168528420038877
0.00179958295073465
0.00192086303352728
0.00204949066456788
0.00218584670716437
0.0023303269175007
0.00248334216699056
0.00264531863925731
0.00281669799934548
0.0029979375327389
0.00318951025175163
0.00339190496686037
0.00360562632056888
0.00383119478143603
0.00406914659595696
0.00432003369606947
0.00458442356015991
0.00486289902556412
0.00515605805071492
0.00546451342524611
0.00578889242657019
0.00612983642165442
0.0064880004129639
0.00686405252780126
0.00725867345055367
0.0076725557976587
0.00810640343542103
0.00856093074114147
0.00903686180837173
0.00953492959745913
0.0100558750329128
0.0106004460494902
0.0111693965892681
0.0117634855523301
0.0123834757040585
0.0130301325423667
0.0137042231285397
0.0144065148856653
0.0151377743689318
0.0158987660123282
0.0166902508565328
0.0175129852629651
0.0183677196191605
0.0192551970407526
0.0201761520754416
0.0211313094143872
0.0221213826164656
0.0231470728508076
0.0242090676629591
0.0253080397698829
0.0264446458888845
0.0276195256053172
0.0288333002837265
0.0300865720267947
0.0313799226861723
0.0327139129289294
0.0340890813630396
0.0355059437249032
0.036964992131543
0.0384666943996996
0.0400114934336347
0.0415998066830336
0.0432320256719796
0.0449085155995645
0.0466296150122634
0.0483956355478485
0.0502068617501883
0.0520635509539347
0.053965933237754
0.0559142114444213
0.0579085612658102
0.0599491313905158
0.0620360437116352
0.0641693935919683
0.0663492501837415
0.0685756567997932
0.0708486313330001
0.0731681667206559
0.0755342314504133
0.0779467701043482
0.0804057039376953
0.0829109314887927
0.0854623292167889
0.0880597521637297
0.0907030346376745
0.0933919909135921
0.0961264159488756
0.0989060861104218
0.10173075991033
0.104600178747433
0.107514067651972
0.110472136030919
0.113474078411541
0.116519575181009
0.119608293319988
0.122739887128276
0.125913998940749
0.129130259832021
0.132388290308339
0.135687700985452
0.139028093251222
0.142409059912056
0.145830185822143
0.149291048494869
0.152791218695647
0.156330261015712
0.159907734426437
0.163523192813827
0.167176185493033
0.170866257702648
0.174592951078862
0.178355804109353
0.182154352567117
0.185988129924327
0.189856667746436
0.193759496066784
0.197696143742016
0.20166613878864
0.205669008701097
0.209704280751746
0.213771482273228
0.217870140923584
0.221999784934666
0.226159943344287
0.230350146212604
0.234569924823241
0.238818811869639
0.243096341627154
0.247402050111399
0.251735475223329
0.25609615688158
0.26048363714253
0.264897460308585
0.26933717302518
0.273802324366879
0.278292465913209
0.28280715181439
0.287345938847704
0.29190838646468
0.296494056829617
0.301102514849794
0.305733328197788
0.310386067326191
0.315060305475098
0.319755618672787
0.324471585729728
0.329207788226363
0.333963810495002
0.338739239595805
0.343533665287543
0.348346679992984
0.353177878759401
0.358026859214271
0.362893221516486
0.367776568303092
0.37267650463194
0.377592637920258
0.382524577879349
0.387471936445546
0.392434327707591
0.39741136783044
0.402402674975737
0.407407869218901
0.412426572463069
0.417458408349778
0.42250300216658
0.427559980751581
0.432628972394925
0.437709606737269
0.44280151466524
0.447904328203891
0.453017680406148
0.45814120523915
0.463274537467619
0.468417312533972
0.473569166435398
0.478729735597558
0.483898656745013
0.489075566768295
0.49426010258731
0.499451901011248
0.504650598594648
0.50985583148955
0.515067235293632
0.52028444489407
0.525507094306975
0.530734816512247
0.535967243283518
0.541204005013106
0.546444730531579
0.551689046921728
0.556936579326671
0.562186950751743
0.567439781859788
0.572694690759652
0.577951292787294
0.583209200279195
0.588468022337705
0.593727364587639
0.598986828923831
0.604246013248948
0.609504511201105
0.61476191187044
0.620017799504356
0.625271753200204
0.630523346585108
0.635772147481781
0.641017717559583
0.646259611969811
0.651497378964202
0.656730559495537
0.661958686799115
0.667181285953814
0.67239787342139
0.677607956562426
0.682811033127252
0.688006590720336
0.693194106235805
0.698373045262416
0.703542861455431
0.708702995873074
0.713852876275004
0.718991916379552
0.724119515076947
0.729235055594783
0.73433790461215
0.739427411317984
0.744502906409513
0.74956370102535
0.754609085608202
0.759638328690697
0.764650675598104
0.769645347060205
0.774621537724643
0.779578414562159
0.784515115154261
0.789430745851987
0.794324379793165
0.799195054764906
0.804041770895248
0.80886348815715
0.813659123665
0.818427548742134
0.823167585734274
0.827878004541345
0.832557518835653
0.83720478193073
0.841818382259606
0.846396838415644
0.850938593702205
0.855442010129081
0.859905361784249
0.8643268274983
0.868704482705088
0.873036290386246
0.877320090967948
0.88155359101482
0.885734350537758
0.889859768697822
0.893927067646342
0.897933274189148
0.901875198898339
0.905749412214592
0.909552216981549
0.913279616726258
0.916927278836576
0.920490491577409
0.923964113618328
0.927342514393574
0.930619503155312
0.933788243973298
0.936841153124746
0.939769774234389
0.942564625061206
0.945215007840174
0.947708772369602
0.95003201729804
0.952168709905428
0.954100197518628
0.955804573763345
0.957255849033242
0.95842285537199
0.959267789451201
0.959744261008925
0.959794665094843
0.9593466318912
0.958308226138261
0.956561471718215
0.953953677973058
0.950285976022341
0.945298509770147
0.93865201474355
0.929906323196253
0.91849807774837
0.903723170629834
0.884734594071106
0.860573110109716
0.830253825000848
0.792929935788723
0.748135724500001
0.696067692983042
0.637806547716801
0.575352317283294
0.511387958546795
0.4488080833424
0.390177836068728
0.337324560165615
0.291183053675188
0.251882911473008
0.218976489169016
0.191694223889093
0.169153797585352
0.150497788340433
0.134966253740315
0.121923097984586
0.110855138087988
0.101357947701629
0.093117244503071
0.0858905110197275
0.0794909277372843
0.0737742310775605
0.0686283872861118
0.0639656813303922
0.0597167510365824
0.0558261298668219
0.0522489321053829
0.0489483901383077
0.0458940214870487
0.0430602590150881
0.040425421246175
0.0379709326704368
0.0356807283530572
0.0335407950604742
0.0315388141246662
0.0296638806721886
0.0279062806343768
0.0262573118572827
0.024709139175901
0.0232546758909916
0.0218874859632007
0.0206017026148359
0.0193919600445041
0.0182533357138133
0.0171813012295996
0.0161716802708651
0.015220612333249
0.0143245213120216
0.0134800881363519
0.0126842268170255
0.0119340633871126
0.0112269173079454
0.0105602849867715
0.00993182511188261
0.00933934555905886
0.00878079166225513
0.00825423567344955
0.00775786726293177
0.00728998493311745
0.00684898823714251
0.00643337070868229
0.00604171342220332
0.00567267911364332
0.00532500680064557
0.00499750684925807
0.00468905644064961
0.00439859539709572
0.00412512233138987
0.00386769108806688
0.00362540744849194
0.0033974260750473
0.00318294767242378
0.00298121634644001
0.00279151714293216
0.00261317375111363
0.00244554635743853
0.00228802963744214
0.00214005087430357
0.00200106819400019
0.00187056890792084
0.0017480679546909
0.00163310643374873
0.00152525022391599
0.00142408868082936
0.00132923340766179
0.00124031709406035
0.00115699241867794
0.00107893101107693
0.00100582246914508
0.000937373428488126
0.000873306680556565
0.000813360336526961
0.000757287034196313
0.000704853185362252
0.000655838261356092
0.000610034114571153
0.000567244333987847
0.000527283632841145
0.000489977266706972
0.000455160480402947
0.000422677982207054
0.000392383443996465
0.000364139025998507
0.000337814924927825
0.000313288944358916
0.000290446086251809
0.000269178162611775
0.000249383426321801
0.000230966220239758
0.000213836643701488
0.00019791023561619
0.000183107673382459
0.000169354486892413
0.000156580786927256
0.000144721007281455
0.000133713659983992
0.000123501103014579
0.000114029319940255
0.000105247710923546
9.71088945778324e-05
8.95685201684028e-05
8.25850896794511e-05
7.61197892877823e-05
7.01363298035856e-05
6.46007956570692e-05
5.9481502027543e-05
5.47488597283585e-05
5.0375247477225e-05
4.63348911968931e-05
4.26037500059656e-05
3.91594085737824e-05
3.59809755269853e-05
3.30489876084416e-05
3.0345319301845e-05
2.78530976474338e-05
2.55566219859752e-05
2.34412883794293e-05
2.14935184675864e-05
1.97006925304305e-05
1.80510865361244e-05
1.65338129642251e-05
1.51387652031705e-05
1.38565653301347e-05
1.2678515090097e-05
1.15965498994045e-05
1.06031957072266e-05
9.69152855613902e-06
8.85513669060006e-06
8.08808506935494e-06
7.38488214477434e-06
6.74044877885774e-06
6.15008917208498e-06
5.60946368749916e-06
5.11456345836382e-06
4.66168667344461e-06
4.2474164394498e-06
3.86860012541145e-06
3.52233009881994e-06
3.20592576813628e-06
2.91691685091037e-06
2.65302779113427e-06
2.41216325366016e-06
2.19239462752665e-06
1.99194747386095e-06
1.80918985767324e-06
1.64262150633229e-06
1.49086374081854e-06
1.3526501289959e-06
1.22681781313274e-06
1.11229946674288e-06
1.00811583851127e-06
9.13368843627873e-07
8.27235165273761e-07
7.48960331301993e-07
6.77853233325857e-07
6.13281057484282e-07
5.54664598096201e-07
5.01473927251038e-07
4.53224395115473e-07
4.09472937370368e-07
3.69814667733255e-07
3.33879734973127e-07
3.01330425191073e-07
2.71858491426414e-07
2.45182693857006e-07
2.2104653499875e-07
1.99216175376301e-07
1.79478516138263e-07
1.61639436029471e-07
1.45522171013006e-07
1.30965825659341e-07
1.17824006191703e-07
1.05963565798982e-07
9.52634535026746e-08
8.56136584951297e-08
7.69142424556171e-08
6.90744529005258e-08
6.20119111368178e-08
5.56518688659452e-08
4.99265279308028e-08
4.47744181129278e-08
4.01398282730415e-08
3.59722864868575e-08
3.2226085161637e-08
2.88598474287489e-08
2.5836131395185e-08
2.31210691038392e-08
2.06840372998736e-08
1.84973573298783e-08
1.65360217130354e-08
1.47774451201985e-08
1.32012376788435e-08
1.17889986901627e-08
1.05241290001725e-08
9.39166041042643e-09
8.37810064662535e-09
7.47129252587465e-09
6.6602860762665e-09
5.93522246658096e-09
5.28722869980456e-09
4.70832211248775e-09
4.19132380324643e-09
3.72978018847892e-09
3.31789195211665e-09
2.95044971938691e-09
2.62277584258588e-09
2.33067174011176e-09
2.07037027886891e-09
1.83849273495999e-09
1.6320099086498e-09
1.44820700720638e-09
1.2846519436707e-09
1.13916673113249e-09
1.00980168092429e-09
8.94812139510805e-10
7.92637522940479e-10
7.0188242973025e-10
6.21299633141142e-10
5.49774772130829e-10
4.86312576984362e-10
4.30024480861592e-10
3.80117482382468e-10
3.35884137013616e-10
2.96693566527519e-10
2.61983386274936e-10
2.31252459531696e-10
2.04054396834339e-10
1.79991726080364e-10
1.58710666307535e-10
1.39896444545489e-10
1.23269101010867e-10
1.08579733246577e-10
9.56071346364693e-11
8.41547871024115e-11
7.40481717532085e-11
6.51323648407842e-11
5.72698896232394e-11
5.03387976677177e-11
4.42309557771708e-11
3.88505171201075e-11
3.4112557304964e-11
2.99418580925417e-11
2.62718232007337e-11
2.30435122434571e-11
2.0204780276727e-11
1.77095117139461e-11
1.55169385333854e-11
1.35910337456595e-11
1.18999720290218e-11
1.04156502856257e-11
9.11326163167705e-12
7.97091701705338e-12
6.96930928299269e-12
6.09141501671926e-12
5.32223005561026e-12
4.64853493627716e-12
4.05868698086892e-12
3.54243606855114e-12
3.09076145865158e-12
2.69572731712398e-12
2.35035485315282e-12
2.04850920095619e-12
1.78479938589992e-12
1.5544898963811e-12
1.35342254583147e-12
1.17794745462047e-12
1.02486211143762e-12
8.91357589521112e-13
7.7497109634693e-13
6.73544127418548e-13
5.85185576781981e-13
5.0823922990219e-13
4.41255129525954e-13
3.82964362980655e-13
3.32256870785569e-13
2.88161922169814e-13
2.49830943715768e-13
2.16522423430189e-13
1.87588644581006e-13
1.62464032068417e-13
1.40654919318124e-13
1.21730566046895e-13
1.05315277069992e-13
9.10814898789259e-14
7.8743714267158e-14
6.80532210451439e-14
5.87933890642229e-14
5.07756305394798e-14
4.38358241833675e-14
3.78311940759161e-14
3.26375796294279e-14
2.81470485674958e-14
2.42658106294117e-14
2.09123948199138e-14
1.80160575292621e-14
1.55153928195117e-14
1.33571196714478e-14
1.14950240678396e-14
9.88903650109361e-15
8.50442788021266e-15
7.31110891137317e-15
6.2830198722613e-15
5.39759932252759e-15
4.63532171780246e-15
3.97929514610145e-15
3.4149115038654e-15
2.92954239260689e-15
2.5122748623434e-15
2.15368186896436e-15
1.84562296197296e-15
1.58107128778869e-15
1.35396349176697e-15
1.15906953792169e-15
9.91879846618298e-16
8.48507483930747e-16
7.25603427810844e-16
6.20283190880802e-16
5.30063302084486e-16
4.52806343617767e-16
3.86673409022619e-16
3.30082996157237e-16
2.81675477656203e-16
2.40282403847419e-16
2.04899990980435e-16
1.74666232871715e-16
1.48841148287251e-16
1.26789740963797e-16
1.0796730534494e-16
9.19067599513672e-17
7.82077327552987e-17
6.65271598094597e-17
5.65711904083581e-17
4.80882198618418e-17
4.08628950852105e-17
3.47109591347923e-17
2.94748189598361e-17
2.50197363645008e-17
2.12305557946798e-17
1.80088943596932e-17
1.52707297089624e-17
1.29443302182433e-17
1.09684795810453e-17
9.29095450703884e-18
7.86721993845062e-18
6.65931112745383e-18
5.63487617645314e-18
4.76635631935621e-18
4.03028439384585e-18
3.40668469040151e-18
2.8785597224045e-18
2.43145149427268e-18
2.05306659555918e-18
1.73295595673984e-18
1.46224140025127e-18
1.23338223702739e-18
1.03997611921219e-18
8.76589185434804e-19
7.38611244639322e-19
6.22132354042404e-19
5.23837670242711e-19
4.40917901814836e-19
3.70993077237055e-19
3.12047672651413e-19
2.62375427433184e-19
2.20532418487502e-19
1.85297172308106e-19
1.55636772047874e-19
1.30678069399255e-19
1.09683241609186e-19
9.20290455928969e-20
7.71892165591482e-20
6.47195401317305e-20
5.42451966387699e-20
4.5450035750117e-20
3.80674904409693e-20
3.18728826044615e-20
2.66769096064596e-20
2.23201325970917e-20
1.86683142582609e-20
1.56084765533729e-20
1.30455685361256e-20
1.08996508669066e-20
9.10351780375598e-21
7.60068944396237e-21
6.34371720326005e-21
5.29275419819151e-21
4.41434957049109e-21
3.6804320542497e-21
3.0674534025467e-21
2.55566680134301e-21
2.12851922505793e-21
1.77213993300107e-21
1.47491005609358e-21
1.22710055355029e-21
1.02056779277193e-21
8.48497676558341e-22
7.0519065577746e-22
5.85881161824826e-22
4.8658600474494e-22
4.0397713793382e-22
3.35274912829654e-22
2.78158557238339e-22
2.30691126173419e-22
1.91256608936104e-22
1.58507243021358e-22
1.31319394818776e-22
1.08756627886576e-22
9.00387993539694e-23
7.45162101353544e-23
6.1647990521151e-23
5.09840339145538e-23
4.21499018743675e-23
3.48342164675471e-23
2.87781339899909e-23
2.37665597108223e-23
1.96208184009103e-23
1.61925416808066e-23
1.33585720668105e-23
1.10167161872181e-23
9.08220697911617e-24
7.48475759776117e-24
6.16610898176796e-24
5.07798911245259e-24
4.18041548495061e-24
3.44028359298682e-24
2.83019367217495e-24
2.32747584590744e-24
1.91338042308856e-24
1.57240561802859e-24
1.29173957591471e-24
1.06079744024724e-24
8.70837415489594e-25
7.14642462917135e-25
5.86256507426246e-25
4.80765900909343e-25
3.94118444879689e-25
3.22973572547688e-25
2.64578371362717e-25
2.16665026987773e-25
1.77366018748168e-25
1.45144019843991e-25
1.1873397397886e-25
9.70952510184498e-26
7.9372142452906e-26
6.4861254980923e-26
5.29846076246239e-26
4.32674429002056e-26
3.5319932775031e-26
2.88221013252573e-26
2.35114030732512e-26
1.91724930138732e-26
1.56288047316541e-26
1.27356195940989e-26
1.0374365130986e-26
8.44792633020276e-27
6.87679132154142e-27
5.5958841300918e-27
4.55196298068692e-27
3.70148395405205e-27
3.00884740533644e-27
2.44495909636174e-27
1.98604999462129e-27
1.61270859438003e-27
1.3090877822754e-27
1.06225500314003e-27
8.61660030938777e-28
6.98699221247928e-28
5.66358886413968e-28
4.58923533631232e-28
3.71737256385902e-28
3.01008667449526e-28
2.43651486494554e-28
1.97154313178779e-28
1.59474281445305e-28
1.28950247550485e-28
1.04231949853137e-28
8.42222230816602e-29
6.80298786910586e-29
5.49312966619894e-29
4.43391296636008e-29
3.57768118794265e-29
2.88578034792569e-29
2.32686971655007e-29
1.87554732020659e-29
1.51123202337001e-29
1.21725462693939e-29
9.8011917415262e-30
7.88902809757512e-30
6.34768383320592e-30
5.10568761251455e-30
4.10525709263965e-30
3.29969387341592e-30
2.65127093685825e-30
2.12952009754471e-30
1.70984423050256e-30
1.37239309558846e-30
1.10115302352895e-30
8.8321004859254e-31
7.08153658472153e-31
5.67594503730202e-31
4.54774428730806e-31
3.64251266921873e-31
2.91644159905314e-31
2.33427854101604e-31
1.86766616881197e-31
1.49380190272796e-31
1.19435641738652e-31
9.54601407181225e-32
7.62706377192435e-32
6.09171912185749e-32
4.86373102999561e-32
3.88191852999919e-32
3.0972087066907e-32
2.47025459288768e-32
1.96951888497445e-32
1.56973294936322e-32
1.25065807403084e-32
9.96090047231962e-33
7.93059558534506e-33
6.31190133745426e-33
5.02182755084292e-33
3.9940232135094e-33
3.17545945334164e-33
2.52376990345038e-33
2.00511894992192e-33
1.59249371116645e-33
1.26433602194673e-33
1.00344713889441e-33
7.96111118573678e-34
6.31393466370909e-34
5.00580217195503e-34
3.96729492700351e-34
3.14313111626157e-34
2.48930273752019e-34
1.97078906457989e-34
1.55973127429946e-34
1.23397575592541e-34
9.75912060763421e-35
7.7154623362332e-35
6.09762116692486e-35
4.81732710385482e-35
3.80451279632012e-35
3.00357981971103e-35
2.37042666156069e-35
1.87008387998583e-35
1.47483307564606e-35
1.16271123985489e-35
9.16321957227738e-36
7.21890850788064e-36
5.6851536192457e-36
4.47569098910532e-36
3.52229079966945e-36
2.77100651686143e-36
2.17920010443996e-36
1.71318356754158e-36
1.34634981107195e-36
1.05769183168919e-36
8.30629989151371e-37
6.52083598981631e-37
5.11736212474414e-37
4.01454387464361e-37
3.14828050925922e-37
2.4680714858193e-37
1.9341451507161e-37
1.51519058055944e-37
1.18656651758941e-37
9.28887557333934e-38
7.26908531122285e-38
5.68644506842706e-38
4.44676894515666e-38
3.47606493673531e-38
2.71622517450108e-38
2.12163118865737e-38
1.65648081639023e-38
1.29268401705352e-38
1.00820699286431e-38
7.85769415906268e-39
6.11819631943544e-39
4.7572855947886e-39
3.69155508612751e-39
2.85549005154706e-39
2.19753472038071e-39
1.67698727652466e-39
1.26154052530485e-39
9.25323220393778e-40
6.47326151117588e-40
4.10119526821978e-40
1.98785218686427e-40
