iter 	 t 	 dt 	 Density[kg/m3] 	 Pressure[Pascal] 	 Temperature[K] 	H2 	O2 	O 	OH 	H2O 	H 	HO2 	H2O2 	
-1 	 0.0000000000e+00 	  1.0000000000e-07 	 8.5295323222e-02 	1.0132500000e+05 	9.0000000000e+02 	2.7431213550e-01 	7.2568786450e-01 	0.0000000000e+00 	0.0000000000e+00 	0.0000000000e+00 	0.0000000000e+00 	0.0000000000e+00 	0.0000000000e+00 	
-1 	 0.0000000000e+00 	  1.0000000000e-07 	 2.3029079968e-01 	1.0132500000e+05 	9.0000000000e+02 	5.9266659101e-02 	9.4073334090e-01 	0.0000000000e+00 	0.0000000000e+00 	0.0000000000e+00 	0.0000000000e+00 	0.0000000000e+00 	0.0000000000e+00 	
-1 	 0.0000000000e+00 	  1.0000000000e-07 	 1.3802095103e-01 	1.0132500000e+05 	9.0000000000e+02 	1.4383656940e-01 	8.5616343060e-01 	0.0000000000e+00 	0.0000000000e+00 	0.0000000000e+00 	0.0000000000e+00 	0.0000000000e+00 	0.0000000000e+00 	
0 	 1.0000000000e-06 	  1.0000000000e-07 	 8.5295323222e-02 	1.0132500000e+05 	8.9999999997e+02 	2.7431213550e-01 	7.2568786447e-01 	1.3801275222e-13 	5.2721742793e-14 	2.5730975018e-13 	6.7236731121e-13 	2.7192150647e-11 	1.7218773632e-15 	
0 	 1.0000000000e-06 	  1.0000000000e-07 	 2.3029079968e-01 	1.0132500000e+05 	8.9999999995e+02 	5.9266659100e-02 	9.4073334088e-01 	3.7447599751e-13 	1.7055250338e-13 	4.8926333200e-13 	4.2372916291e-13 	2.3319159161e-11 	8.3453842355e-16 	
0 	 1.0000000000e-06 	  1.0000000000e-07 	 1.3802095103e-01 	1.0132500000e+05 	8.9999999995e+02 	1.4383656939e-01 	8.5616343058e-01 	2.6289894967e-13 	1.0524810294e-13 	4.3990826469e-13 	6.2187787195e-13 	2.8973298152e-11 	1.5306706179e-15 	
1 	 2.0000000000e-06 	  1.0000000000e-07 	 8.5295323222e-02 	1.0132500000e+05 	8.9999999994e+02 	2.7431213550e-01 	7.2568786444e-01 	3.7117813932e-13 	1.1792518906e-13 	1.2212107653e-12 	1.2338109948e-12 	5.9114861719e-11 	7.3182790750e-15 	
1 	 2.0000000000e-06 	  1.0000000000e-07 	 2.3029079968e-01 	1.0132500000e+05 	8.9999999992e+02 	5.9266659099e-02 	9.4073334084e-01 	1.0147635759e-12 	3.5699369704e-13 	2.2394314649e-12 	6.9022587262e-13 	5.3548812286e-11 	3.7317703369e-15 	
1 	 2.0000000000e-06 	  1.0000000000e-07 	 1.3802095103e-01 	1.0132500000e+05 	8.9999999992e+02 	1.4383656939e-01 	8.5616343054e-01 	6.9767431476e-13 	2.2670924765e-13 	2.0374093817e-12 	1.0789689416e-12 	6.5108968738e-11 	6.6937780875e-15 	
2 	 3.0000000000e-06 	  1.0000000000e-07 	 8.5295323222e-02 	1.0132500000e+05 	8.9999999992e+02 	2.7431213550e-01 	7.2568786440e-01 	5.9893075208e-13 	1.7800241303e-13 	2.8963282591e-12 	1.7131921139e-12 	9.5038994819e-11 	1.7357681157e-14 	
2 	 3.0000000000e-06 	  1.0000000000e-07 	 2.3029079968e-01 	1.0132500000e+05 	8.9999999991e+02 	5.9266659097e-02 	9.4073334081e-01 	1.6239951346e-12 	5.1249331218e-13 	5.1165593967e-12 	8.8002520527e-13 	8.8418805009e-11 	9.1219864189e-15 	
2 	 3.0000000000e-06 	  1.0000000000e-07 	 1.3802095103e-01 	1.0132500000e+05 	8.9999999990e+02 	1.4383656939e-01 	8.5616343050e-01 	1.1029880233e-12 	3.3124724423e-13 	4.7221546608e-12 	1.4331643279e-12 	1.0666680861e-10 	1.6179914993e-14 	
3 	 4.0000000000e-06 	  1.0000000000e-07 	 8.5295323222e-02 	1.0132500000e+05 	8.9999999991e+02 	2.7431213549e-01 	7.2568786436e-01 	8.0142218652e-13 	2.3066540388e-13 	5.2073608217e-12 	2.1250586281e-12 	1.3439114878e-10 	3.2324528995e-14 	
3 	 4.0000000000e-06 	  1.0000000000e-07 	 2.3029079968e-01 	1.0132500000e+05 	8.9999999991e+02 	5.9266659095e-02 	9.4073334077e-01 	2.1356689073e-12 	6.3755690945e-13 	8.9143677925e-12 	1.0233476595e-12 	1.2669880147e-10 	1.7308318020e-14 	
3 	 4.0000000000e-06 	  1.0000000000e-07 	 1.3802095103e-01 	1.0132500000e+05 	8.9999999990e+02 	1.4383656939e-01 	8.5616343045e-01 	1.4412941117e-12 	4.1655905196e-13 	8.3140284329e-12 	1.7127254988e-12 	1.5246883156e-10 	3.0521794406e-14 	
4 	 5.0000000000e-06 	  1.0000000000e-07 	 8.5295323222e-02 	1.0132500000e+05 	8.9999999990e+02 	2.7431213549e-01 	7.2568786432e-01 	9.7730832697e-13 	2.7623823215e-13 	8.0715682891e-12 	2.4795484955e-12 	1.7669052818e-10 	5.2634684865e-14 	
4 	 5.0000000000e-06 	  1.0000000000e-07 	 2.3029079968e-01 	1.0132500000e+05 	8.9999999992e+02 	5.9266659094e-02 	9.4073334072e-01 	2.5482651638e-12 	7.3682457650e-13 	1.3447186711e-11 	1.1343315715e-12 	1.6758879050e-10 	2.8518515745e-14 	
4 	 5.0000000000e-06 	  1.0000000000e-07 	 1.3802095103e-01 	1.0132500000e+05 	8.9999999989e+02 	1.4383656939e-01 	8.5616343040e-01 	1.7148418473e-12 	4.8505691902e-13 	1.2639285662e-11 	1.9347757468e-12 	2.0163135420e-10 	5.0139092812e-14 	
5 	 6.0000000000e-06 	  1.0000000000e-07 	 8.5295323222e-02 	1.0132500000e+05 	8.9999999989e+02 	2.7431213549e-01 	7.2568786427e-01 	1.1291467105e-12 	3.1554105507e-13 	1.1413502349e-11 	2.7848253191e-12 	2.2152630014e-10 	7.8645861929e-14 	
5 	 6.0000000000e-06 	  1.0000000000e-07 	 2.3029079968e-01 	1.0132500000e+05 	8.9999999994e+02 	5.9266659092e-02 	9.4073334067e-01 	2.8760916802e-12 	8.1523065035e-13 	1.8561802859e-11 	1.2211607810e-12 	2.1051055891e-10 	4.2928526619e-14 	
5 	 6.0000000000e-06 	  1.0000000000e-07 	 1.3802095103e-01 	1.0132500000e+05 	8.9999999990e+02 	1.4383656938e-01 	8.5616343034e-01 	1.9338429264e-12 	5.3977357679e-13 	1.7551649301e-11 	2.1115389826e-12 	2.5346502634e-10 	7.5364807196e-14 	
6 	 7.0000000000e-06 	  1.0000000000e-07 	 8.5295323222e-02 	1.0132500000e+05 	8.9999999989e+02 	2.7431213549e-01 	7.2568786422e-01 	1.2600152931e-12 	3.4940753946e-13 	1.5167222874e-11 	3.0477831351e-12 	2.6854555158e-10 	1.1066593016e-13 	
6 	 7.0000000000e-06 	  1.0000000000e-07 	 2.3029079968e-01 	1.0132500000e+05 	8.9999999997e+02 	5.9266659089e-02 	9.4073334063e-01 	3.1351376703e-12 	8.7704936204e-13 	2.4135485882e-11 	1.2893774374e-12 	2.5502477835e-10 	6.0675826779e-14 	
6 	 7.0000000000e-06 	  1.0000000000e-07 	 1.3802095103e-01 	1.0132500000e+05 	8.9999999991e+02 	1.4383656938e-01 	8.5616343028e-01 	2.1086336254e-12 	5.8341492533e-13 	2.2932578384e-11 	2.2523781482e-12 	3.0742474218e-10 	1.0646379317e-13 	
7 	 8.0000000000e-06 	  1.0000000000e-07 	 8.5295323222e-02 	1.0132500000e+05 	8.9999999989e+02 	2.7431213548e-01 	7.2568786417e-01 	1.3727702749e-12 	3.7858540181e-13 	1.9275736524e-11 	3.2743246412e-12 	3.1744468095e-10 	1.4895990634e-13 	
7 	 8.0000000000e-06 	  1.0000000000e-07 	 2.3029079968e-01 	1.0132500000e+05 	9.0000000000e+02 	5.9266659087e-02 	9.4073334058e-01 	3.3394281881e-12 	9.2576346292e-13 	3.0071000144e-11 	1.3430686458e-12 	3.0079052923e-10 	8.1868319915e-14 	
7 	 8.0000000000e-06 	  1.0000000000e-07 	 1.3802095103e-01 	1.0132500000e+05 	8.9999999992e+02 	1.4383656938e-01 	8.5616343022e-01 	2.2480211748e-12 	6.1821160478e-13 	2.8687151214e-11 	2.3646508215e-12 	3.6307749171e-10 	1.4364688322e-13 	
8 	 9.0000000000e-06 	  1.0000000000e-07 	 8.5295323222e-02 	1.0132500000e+05 	8.9999999989e+02 	2.7431213548e-01 	7.2568786412e-01 	1.4699189397e-12 	4.0372535012e-13 	2.3689930863e-11 	3.4695231803e-12 	3.6796240348e-10 	1.9375593304e-13 	
8 	 9.0000000000e-06 	  1.0000000000e-07 	 2.3029079968e-01 	1.0132500000e+05 	9.0000000003e+02 	5.9266659085e-02 	9.4073334053e-01 	3.5004396673e-12 	9.6414989328e-13 	3.6291631424e-11 	1.3853668726e-12 	3.4754100854e-10 	1.0659085322e-13 	
8 	 9.0000000000e-06 	  1.0000000000e-07 	 1.3802095103e-01 	1.0132500000e+05 	8.9999999994e+02 	1.4383656938e-01 	8.5616343016e-01 	2.3591688682e-12 	6.4595953496e-13 	3.4739653263e-11 	2.4541893806e-12 	4.2007879067e-10 	1.8708195893e-13 	
9 	 1.0000000000e-05 	  1.0000000000e-07 	 8.5295323222e-02 	1.0132500000e+05 	8.9999999989e+02 	2.7431213548e-01 	7.2568786407e-01 	1.5536309472e-12 	4.2538915848e-13 	2.8367519397e-11 	3.6377438788e-12 	4.1987382817e-10 	2.4525041613e-13 	
9 	 1.0000000000e-05 	  1.0000000000e-07 	 2.3029079968e-01 	1.0132500000e+05 	9.0000000007e+02 	5.9266659083e-02 	9.4073334047e-01 	3.6273370199e-12 	9.9440487762e-13 	4.2736953718e-11 	1.4187114715e-12 	3.9506672090e-10 	1.3491019634e-13 	
9 	 1.0000000000e-05 	  1.0000000000e-07 	 1.3802095103e-01 	1.0132500000e+05 	8.9999999996e+02 	1.4383656937e-01 	8.5616343010e-01 	2.4478194177e-12 	6.6809377269e-13 	4.1029767259e-11 	2.5256306177e-12 	4.7815444601e-10 	2.3690272220e-13 	
10 	 1.1000000000e-05 	  1.0000000000e-07 	 8.5295323222e-02 	1.0132500000e+05 	8.9999999990e+02 	2.7431213548e-01 	7.2568786401e-01 	1.6257765466e-12 	4.4406076902e-13 	3.3272101070e-11 	3.7827436001e-12 	4.7298538283e-10 	3.0361244486e-13 	
10 	 1.1000000000e-05 	  1.0000000000e-07 	 2.3029079968e-01 	1.0132500000e+05 	9.0000000011e+02 	5.9266659081e-02 	9.4073334042e-01 	3.7273728850e-12 	1.0182599609e-12 	4.9359400643e-11 	1.4450141238e-12 	4.4320295580e-10 	1.6687891393e-13 	
10 	 1.1000000000e-05 	  1.0000000000e-07 	 1.3802095103e-01 	1.0132500000e+05 	8.9999999998e+02 	1.4383656937e-01 	8.5616343004e-01 	2.5185552616e-12 	6.8575820726e-13 	4.7509462056e-11 	2.5826643620e-12 	5.3708617743e-10 	2.9321566687e-13 	
11 	 1.2000000000e-05 	  1.0000000000e-07 	 8.5295323222e-02 	1.0132500000e+05 	8.9999999990e+02 	2.7431213548e-01 	7.2568786395e-01 	1.6879661933e-12 	4.6015682754e-13 	3.8372343074e-11 	3.9077559604e-12 	5.2713045120e-10 	3.6898759581e-13 	
11 	 1.2000000000e-05 	  1.0000000000e-07 	 2.3029079968e-01 	1.0132500000e+05 	9.0000000015e+02 	5.9266659078e-02 	9.4073334037e-01 	3.8062666858e-12 	1.0370786857e-12 	5.6121537788e-11 	1.4657767058e-12 	4.9182014842e-10 	2.0253839904e-13 	
11 	 1.2000000000e-05 	  1.0000000000e-07 	 1.3802095103e-01 	1.0132500000e+05 	9.0000000000e+02 	1.4383656937e-01 	8.5616342997e-01 	2.5750274178e-12 	6.9986390251e-13 	5.4140495309e-11 	2.6282278041e-12 	5.9670020646e-10 	3.5610562610e-13 	
12 	 1.3000000000e-05 	  1.0000000000e-07 	 8.5295323222e-02 	1.0132500000e+05 	8.9999999991e+02 	2.7431213547e-01 	7.2568786389e-01 	1.7415862353e-12 	4.7403598325e-13 	4.3641275642e-11 	4.0155642665e-12 	5.8216561885e-10 	4.4150120715e-13 	
12 	 1.3000000000e-05 	  1.0000000000e-07 	 2.3029079968e-01 	1.0132500000e+05 	9.0000000019e+02 	5.9266659076e-02 	9.4073334031e-01 	3.8685227021e-12 	1.0519343031e-12 	6.2993907312e-11 	1.4821802795e-12 	5.4081636039e-10 	2.4192125590e-13 	
12 	 1.3000000000e-05 	  1.0000000000e-07 	 1.3802095103e-01 	1.0132500000e+05 	9.0000000002e+02 	1.4383656937e-01 	8.5616342991e-01 	2.6201433468e-12 	7.1113629359e-13 	6.0892419905e-11 	2.6646592599e-12 	6.5685818126e-10 	4.2564018822e-13 	
13 	 1.4000000000e-05 	  1.0000000000e-07 	 8.5295323222e-02 	1.0132500000e+05 	8.9999999992e+02 	2.7431213547e-01 	7.2568786384e-01 	1.7878300049e-12 	4.8600694808e-13 	4.9055684622e-11 	4.1085642395e-12 	6.3796744221e-10 	5.2126119682e-13 	
13 	 1.4000000000e-05 	  1.0000000000e-07 	 2.3029079968e-01 	1.0132500000e+05 	9.0000000023e+02 	5.9266659074e-02 	9.4073334026e-01 	3.9176863968e-12 	1.0636714225e-12 	6.9953329141e-11 	1.4951539697e-12 	5.9011138305e-10 	2.8505317353e-13 	
13 	 1.4000000000e-05 	  1.0000000000e-07 	 1.3802095103e-01 	1.0132500000e+05 	9.0000000005e+02 	1.4383656936e-01 	8.5616342984e-01 	2.6562180012e-12 	7.2015295829e-13 	6.7740995372e-11 	2.6938203417e-12 	7.1744995389e-10 	5.0187321214e-13 	
14 	 1.5000000000e-05 	  1.0000000000e-07 	 8.5295323222e-02 	1.0132500000e+05 	8.9999999993e+02 	2.7431213547e-01 	7.2568786378e-01 	1.8277246693e-12 	4.9633544654e-13 	5.4595588528e-11 	4.1888179907e-12 	6.9442966759e-10 	6.0836048834e-13 	
14 	 1.5000000000e-05 	  1.0000000000e-07 	 2.3029079968e-01 	1.0132500000e+05 	9.0000000028e+02 	5.9266659072e-02 	9.4073334020e-01 	3.9565479553e-12 	1.0729546739e-12 	7.6981563382e-11 	1.5054288128e-12 	6.3964210362e-10 	3.3195439963e-13 	
14 	 1.5000000000e-05 	  1.0000000000e-07 	 1.3802095103e-01 	1.0132500000e+05 	9.0000000007e+02 	1.4383656936e-01 	8.5616342978e-01 	2.6850944729e-12 	7.2737374005e-13 	7.4666922775e-11 	2.7171931579e-12 	7.7838783064e-10 	5.8484762610e-13 	
15 	 1.6000000000e-05 	  1.0000000000e-07 	 8.5295323222e-02 	1.0132500000e+05 	8.9999999994e+02 	2.7431213547e-01 	7.2568786371e-01 	1.8621543629e-12 	5.0525020087e-13 	6.0243788400e-11 	4.2581004788e-12 	7.5146083744e-10 	7.0287909878e-13 	
15 	 1.6000000000e-05 	  1.0000000000e-07 	 2.3029079968e-01 	1.0132500000e+05 	9.0000000032e+02 	5.9266659069e-02 	9.4073334015e-01 	3.9873030084e-12 	1.0803070461e-12 	8.4064257552e-11 	1.5135800207e-12 	6.8935886076e-10 	3.8264090034e-13 	
15 	 1.6000000000e-05 	  1.0000000000e-07 	 1.3802095103e-01 	1.0132500000e+05 	9.0000000010e+02 	1.4383656936e-01 	8.5616342971e-01 	2.7082401464e-12 	7.3316474361e-13 	8.1654837397e-11 	2.7359576827e-12 	8.3960199458e-10 	6.7459765590e-13 	
16 	 1.7000000000e-05 	  1.0000000000e-07 	 8.5295323222e-02 	1.0132500000e+05 	8.9999999995e+02 	2.7431213546e-01 	7.2568786365e-01 	1.8918801033e-12 	5.1294808345e-13 	6.5985480329e-11 	4.3179394962e-12 	8.0898222993e-10 	8.0488593599e-13 	
16 	 1.7000000000e-05 	  1.0000000000e-07 	 2.3029079968e-01 	1.0132500000e+05 	9.0000000037e+02 	5.9266659067e-02 	9.4073334010e-01 	4.0116792723e-12 	1.0861400676e-12 	9.1190118101e-11 	1.5200602065e-12 	7.3922257751e-10 	4.3712527270e-13 	
16 	 1.7000000000e-05 	  1.0000000000e-07 	 1.3802095103e-01 	1.0132500000e+05 	9.0000000012e+02 	1.4383656936e-01 	8.5616342965e-01 	2.7268232791e-12 	7.3781744270e-13 	8.8692506753e-11 	2.7510533486e-12 	9.0103686136e-10 	7.7115059890e-13 	
17 	 1.8000000000e-05 	  1.0000000000e-07 	 8.5295323222e-02 	1.0132500000e+05 	8.9999999996e+02 	2.7431213546e-01 	7.2568786359e-01 	1.9175569352e-12 	5.1959855191e-13 	7.1807921943e-11 	4.3696500877e-12 	8.6692608555e-10 	9.1444034561e-13 	
17 	 1.8000000000e-05 	  1.0000000000e-07 	 2.3029079968e-01 	1.0132500000e+05 	9.0000000041e+02 	5.9266659065e-02 	9.4073334004e-01 	4.0310362511e-12 	1.0907775603e-12 	9.8350258485e-11 	1.5252255172e-12 	7.8920250532e-10 	4.9541746268e-13 	
17 	 1.8000000000e-05 	  1.0000000000e-07 	 1.3802095103e-01 	1.0132500000e+05 	9.0000000015e+02 	1.4383656935e-01 	8.5616342958e-01 	2.7417739764e-12 	7.4156389346e-13 	9.5770192073e-11 	2.7632280817e-12 	9.6264817779e-10 	8.7452823636e-13 	
18 	 1.9000000000e-05 	  1.0000000000e-07 	 8.5295323222e-02 	1.0132500000e+05 	8.9999999997e+02 	2.7431213546e-01 	7.2568786353e-01 	1.9397486872e-12 	5.2534746664e-13 	7.7700145339e-11 	4.4143641758e-12 	9.2523408052e-10 	1.0315934425e-12 	
18 	 1.9000000000e-05 	  1.0000000000e-07 	 2.3029079968e-01 	1.0132500000e+05 	9.0000000046e+02 	5.9266659062e-02 	9.4073333999e-01 	4.0464437051e-12 	1.0944743313e-12 	1.0553768617e-10 	1.5293561948e-12 	8.3927444910e-10 	5.5752533016e-13 	
18 	 1.9000000000e-05 	  1.0000000000e-07 	 1.3802095103e-01 	1.0132500000e+05 	9.0000000018e+02 	1.4383656935e-01 	8.5616342952e-01 	2.7538327394e-12 	7.4458884677e-13 	1.0288013996e-10 	2.7730773412e-12 	1.0244007120e-09 	9.8474795793e-13 	
19 	 2.0000000000e-05 	  1.0000000000e-07 	 8.5295323222e-02 	1.0132500000e+05 	8.9999999998e+02 	2.7431213546e-01 	7.2568786347e-01 	1.9589406739e-12 	5.3032037677e-13 	8.3652709983e-11 	4.4530560609e-12 	9.8385601287e-10 	1.1563892572e-12 	
19 	 2.0000000000e-05 	  1.0000000000e-07 	 2.3029079968e-01 	1.0132500000e+05 	9.0000000050e+02 	5.9266659060e-02 	9.4073333993e-01 	4.0587434012e-12 	1.0974308816e-12 	1.1274689897e-10 	1.5326727542e-12 	8.8941937044e-10 	6.2345509358e-13 	
19 	 2.0000000000e-05 	  1.0000000000e-07 	 1.3802095103e-01 	1.0132500000e+05 	9.0000000020e+02 	1.4383656935e-01 	8.5616342945e-01 	2.7635891155e-12 	7.4703939155e-13 	1.1001617765e-10 	2.7810752002e-12 	1.0862664143e-09 	1.1018236569e-12 	
20 	 2.1000000000e-05 	  1.0000000000e-07 	 8.5295323222e-02 	1.0132500000e+05 	9.0000000000e+02 	2.7431213545e-01 	7.2568786341e-01 	1.9755506290e-12 	5.3462534853e-13 	8.9657490021e-11 	4.4865643702e-12 	1.0427486715e-09 	1.2888657218e-12 	
20 	 2.1000000000e-05 	  1.0000000000e-07 	 2.3029079968e-01 	1.0132500000e+05 	9.0000000055e+02 	5.9266659058e-02 	9.4073333988e-01 	4.0685977035e-12 	1.0998049800e-12 	1.1997356742e-10 	1.5353487124e-12 	9.3962228862e-10 	6.9321167967e-13 	
20 	 2.1000000000e-05 	  1.0000000000e-07 	 1.3802095103e-01 	1.0132500000e+05 	9.0000000023e+02 	1.4383656934e-01 	8.5616342938e-01 	2.7715124717e-12 	7.4903263227e-13 	1.1717339081e-10 	2.7875990904e-12 	1.1482229534e-09 	1.2257664428e-12 	
21 	 2.2000000000e-05 	  1.0000000000e-07 	 8.5295323222e-02 	1.0132500000e+05 	9.0000000001e+02 	2.7431213545e-01 	7.2568786334e-01 	1.9899381159e-12 	5.3835539976e-13 	9.5707491209e-11 	4.5156109511e-12 	1.1018748625e-09 	1.4290555200e-12 	
21 	 2.2000000000e-05 	  1.0000000000e-07 	 2.3029079968e-01 	1.0132500000e+05 	9.0000000060e+02 	5.9266659055e-02 	9.4073333982e-01 	4.0765278088e-12 	1.1017207708e-12 	1.2721428483e-10 	1.5375206056e-12 	9.8987141578e-10 	7.6679899883e-13 	
21 	 2.2000000000e-05 	  1.0000000000e-07 	 1.3802095103e-01 	1.0132500000e+05 	9.0000000026e+02 	1.4383656934e-01 	8.5616342932e-01 	2.7779764926e-12 	7.5066180133e-13 	1.2434786702e-10 	2.7929495033e-12 	1.2102525501e-09 	1.3565852092e-12 	
22 	 2.3000000000e-05 	  1.0000000000e-07 	 8.5295323222e-02 	1.0132500000e+05 	9.0000000002e+02 	2.7431213545e-01 	7.2568786328e-01 	2.0024126285e-12 	5.4159059545e-13 	1.0179669334e-10 	4.5408171320e-12 	1.1612025717e-09 	1.5769868173e-12 	
22 	 2.3000000000e-05 	  1.0000000000e-07 	 2.3029079968e-01 	1.0132500000e+05 	9.0000000064e+02 	5.9266659053e-02 	9.4073333976e-01 	4.0829438330e-12 	1.1032759398e-12 	1.3446637062e-10 	1.5392958703e-12 	1.0401574764e-09 	8.4422016167e-13 	
22 	 2.3000000000e-05 	  1.0000000000e-07 	 1.3802095103e-01 	1.0132500000e+05 	9.0000000029e+02 	1.4383656934e-01 	8.5616342925e-01 	2.7832786866e-12 	7.5200112544e-13 	1.3153649148e-10 	2.7973656741e-12 	1.2723410501e-09 	1.4942870851e-12 	
23 	 2.4000000000e-05 	  1.0000000000e-07 	 8.5295323222e-02 	1.0132500000e+05 	9.0000000004e+02 	2.7431213545e-01 	7.2568786322e-01 	2.0132405628e-12 	5.4439985142e-13 	1.0791991458e-10 	4.5627177208e-12 	1.2207042429e-09 	1.7326838904e-12 	
23 	 2.4000000000e-05 	  1.0000000000e-07 	 2.3029079968e-01 	1.0132500000e+05 	9.0000000069e+02 	5.9266659050e-02 	9.4073333971e-01 	4.0881684854e-12 	1.1045473534e-12 	1.4172771556e-10 	1.5407590455e-12 	1.0904731721e-09 	9.2547764951e-13 	
23 	 2.4000000000e-05 	  1.0000000000e-07 	 1.3802095103e-01 	1.0132500000e+05 	9.0000000031e+02 	1.4383656934e-01 	8.5616342918e-01 	2.7876559138e-12 	7.5310970005e-13 	1.3873678446e-10 	2.8010380692e-12 	1.3344771843e-09 	1.6388777948e-12 	
24 	 2.5000000000e-05 	  1.0000000000e-07 	 8.5295323222e-02 	1.0132500000e+05 	9.0000000005e+02 	2.7431213544e-01 	7.2568786315e-01 	2.0226512190e-12 	5.4684248688e-13 	1.1407269479e-10 	4.5817730521e-12 	1.2803561572e-09 	1.8961676687e-12 	
24 	 2.5000000000e-05 	  1.0000000000e-07 	 2.3029079968e-01 	1.0132500000e+05 	9.0000000074e+02 	5.9266659048e-02 	9.4073333965e-01 	4.0924556973e-12 	1.1055954956e-12 	1.4899666002e-10 	1.5419766525e-12 	1.1408127597e-09 	1.0105734485e-12 	
24 	 2.5000000000e-05 	  1.0000000000e-07 	 1.3802095103e-01 	1.0132500000e+05 	9.0000000034e+02 	1.4383656933e-01 	8.5616342912e-01 	2.7912967498e-12 	7.5403457379e-13 	1.4594677182e-10 	2.8041183281e-12 	1.3966519811e-09 	1.7903619443e-12 	
25 	 2.6000000000e-05 	  1.0000000000e-07 	 8.5295323222e-02 	1.0132500000e+05 	9.0000000007e+02 	2.7431213544e-01 	7.2568786309e-01 	2.0308419668e-12 	5.4896956075e-13 	1.2025119493e-10 	4.5983793585e-12 	1.3401378988e-09 	2.0674562005e-12 	
25 	 2.6000000000e-05 	  1.0000000000e-07 	 2.3029079968e-01 	1.0132500000e+05 	9.0000000078e+02 	5.9266659046e-02 	9.4073333960e-01 	4.0960052804e-12 	1.1064679599e-12 	1.5627189813e-10 	1.5430010355e-12 	1.1911717205e-09 	1.0995091550e-12 	
25 	 2.6000000000e-05 	  1.0000000000e-07 	 1.3802095103e-01 	1.0132500000e+05 	9.0000000037e+02 	1.4383656933e-01 	8.5616342905e-01 	2.7943513286e-12 	7.5481320434e-13 	1.5316488195e-10 	2.8067271779e-12 	1.4588582981e-09 	1.9487432492e-12 	
26 	 2.7000000000e-05 	  1.0000000000e-07 	 8.5295323222e-02 	1.0132500000e+05 	9.0000000008e+02 	2.7431213544e-01 	7.2568786303e-01 	2.0379826917e-12 	5.5082502193e-13 	1.2645211068e-10 	4.6128776961e-12 	1.4000318950e-09 	2.2465650543e-12 	
26 	 2.7000000000e-05 	  1.0000000000e-07 	 2.3029079968e-01 	1.0132500000e+05 	9.0000000083e+02 	5.9266659043e-02 	9.4073333954e-01 	4.0989744615e-12 	1.1072021961e-12 	1.6355240239e-10 	1.5438733825e-12 	1.2415464986e-09 	1.1922860591e-12 	
26 	 2.7000000000e-05 	  1.0000000000e-07 	 1.3802095103e-01 	1.0132500000e+05 	9.0000000040e+02 	1.4383656933e-01 	8.5616342898e-01 	2.7969391790e-12 	7.5547541354e-13 	1.6038986371e-10 	2.8089607352e-12 	1.5210904489e-09 	2.1140247163e-12 	
27 	 2.8000000000e-05 	  1.0000000000e-07 	 8.5295323222e-02 	1.0132500000e+05 	9.0000000009e+02 	2.7431213544e-01 	7.2568786296e-01 	2.0442196226e-12 	5.5244669937e-13 	1.3267259787e-10 	4.6255616290e-12 	1.4600230203e-09 	2.4335076636e-12 	
27 	 2.8000000000e-05 	  1.0000000000e-07 	 2.3029079968e-01 	1.0132500000e+05 	9.0000000088e+02 	5.9266659041e-02 	9.4073333949e-01 	4.1014869580e-12 	1.1078276727e-12 	1.7083736434e-10 	1.5446261033e-12 	1.2919342964e-09 	1.2889052092e-12 	
27 	 2.8000000000e-05 	  1.0000000000e-07 	 1.3802095103e-01 	1.0132500000e+05 	9.0000000043e+02 	1.4383656933e-01 	8.5616342891e-01 	2.7991554632e-12 	7.5604494394e-13 	1.6762072109e-10 	2.8108955232e-12 	1.5833439064e-09 	2.2862087881e-12 	
28 	 2.9000000000e-05 	  1.0000000000e-07 	 8.5295323222e-02 	1.0132500000e+05 	9.0000000011e+02 	2.7431213543e-01 	7.2568786290e-01 	2.0496786255e-12 	5.5386715430e-13 	1.3891020851e-10 	4.6366838414e-12 	1.5200982555e-09 	2.6282956250e-12 	
28 	 2.9000000000e-05 	  1.0000000000e-07 	 2.3029079968e-01 	1.0132500000e+05 	9.0000000093e+02 	5.9266659039e-02 	9.4073333943e-01 	4.1036401197e-12 	1.1083675775e-12 	1.7812614789e-10 	1.5452847002e-12 	1.3423329122e-09 	1.3893674642e-12 	
28 	 2.9000000000e-05 	  1.0000000000e-07 	 1.3802095103e-01 	1.0132500000e+05 	9.0000000045e+02 	1.4383656932e-01 	8.5616342885e-01 	2.8010759446e-12 	7.5654069815e-13 	1.7485666123e-10 	2.8125924653e-12 	1.6456150666e-09 	2.4652974577e-12 	
29 	 3.0000000000e-05 	  1.0000000000e-07 	 8.5295323222e-02 	1.0132500000e+05 	9.0000000012e+02 	2.7431213543e-01 	7.2568786283e-01 	2.0544680397e-12 	5.5511441376e-13 	1.4516283553e-10 	4.6464618313e-12 	1.5802463943e-09 	2.8309389534e-12 	
29 	 3.0000000000e-05 	  1.0000000000e-07 	 2.3029079968e-01 	1.0132500000e+05 	9.0000000097e+02 	5.9266659036e-02 	9.4073333938e-01 	4.1055105488e-12 	1.1088401565e-12 	1.8541825255e-10 	1.5458692406e-12 	1.3927406140e-09 	1.4936735335e-12 	
29 	 3.0000000000e-05 	  1.0000000000e-07 	 1.3802095103e-01 	1.0132500000e+05 	9.0000000048e+02 	1.4383656932e-01 	8.5616342878e-01 	2.8027609421e-12 	7.5697772541e-13 	1.8209705298e-10 	2.8141000657e-12 	1.7079010604e-09 	2.6512923606e-12 	
30 	 3.1000000000e-05 	  1.0000000000e-07 	 8.5295323222e-02 	1.0132500000e+05 	9.0000000014e+02 	2.7431213543e-01 	7.2568786277e-01 	2.0586811177e-12 	5.5621260198e-13 	1.5142866537e-10 	4.6550828095e-12 	1.6404577914e-09 	3.0414463024e-12 	
30 	 3.1000000000e-05 	  1.0000000000e-07 	 2.3029079968e-01 	1.0132500000e+05 	9.0000000102e+02 	5.9266659034e-02 	9.4073333932e-01 	4.1071585214e-12 	1.1092597670e-12 	1.9271328459e-10 	1.5463955147e-12 	1.4431560388e-09 	1.6018240090e-12 	
30 	 3.1000000000e-05 	  1.0000000000e-07 	 1.3802095103e-01 	1.0132500000e+05 	9.0000000051e+02 	1.4383656932e-01 	8.5616342871e-01 	2.8042584781e-12 	7.5736800713e-13 	1.8934139395e-10 	2.8154569408e-12 	1.7701996035e-09 	2.8441948476e-12 	
31 	 3.2000000000e-05 	  1.0000000000e-07 	 8.5295323222e-02 	1.0132500000e+05 	9.0000000015e+02 	2.7431213543e-01 	7.2568786271e-01 	2.0623981268e-12 	5.5718248386e-13 	1.5770613707e-10 	4.6627079175e-12 	1.7007241445e-09 	3.2598251540e-12 	
31 	 3.2000000000e-05 	  1.0000000000e-07 	 2.3029079968e-01 	1.0132500000e+05 	9.0000000107e+02 	5.9266659032e-02 	9.4073333927e-01 	4.1086314673e-12 	1.1096377062e-12 	2.0001093420e-10 	1.5468759475e-12 	1.4935781142e-09 	1.7138193901e-12 	
31 	 3.2000000000e-05 	  1.0000000000e-07 	 1.3802095103e-01 	1.0132500000e+05 	9.0000000054e+02 	1.4383656931e-01 	8.5616342865e-01 	2.8056067857e-12 	7.5772108231e-13 	1.9658928425e-10 	2.8166938349e-12 	1.8325088776e-09 	3.0440060426e-12 	
32 	 3.3000000000e-05 	  1.0000000000e-07 	 8.5295323222e-02 	1.0132500000e+05 	9.0000000017e+02 	2.7431213542e-01 	7.2568786264e-01 	2.0656881567e-12 	5.5804193277e-13 	1.6399390712e-10 	4.6694758575e-12 	1.7610383075e-09 	3.4860819817e-12 	
32 	 3.3000000000e-05 	  1.0000000000e-07 	 2.3029079968e-01 	1.0132500000e+05 	9.0000000111e+02 	5.9266659029e-02 	9.4073333921e-01 	4.1099667077e-12 	1.1099828638e-12 	2.0731095770e-10 	1.5473203159e-12 	1.5440059965e-09 	1.8296601034e-12 	
32 	 3.3000000000e-05 	  1.0000000000e-07 	 1.3802095103e-01 	1.0132500000e+05 	9.0000000057e+02 	1.4383656931e-01 	8.5616342858e-01 	2.8068363041e-12 	7.5804454537e-13 	2.0384040562e-10 	2.8178352253e-12 	1.8948274352e-09 	3.2507268894e-12 	
33 	 3.4000000000e-05 	  1.0000000000e-07 	 8.5295323222e-02 	1.0132500000e+05 	9.0000000018e+02 	2.7431213542e-01 	7.2568786258e-01 	2.0686106764e-12 	5.5880633318e-13 	1.7029081916e-10 	4.6755060174e-12 	1.8213941297e-09 	3.7202223910e-12 	
33 	 3.4000000000e-05 	  1.0000000000e-07 	 2.3029079968e-01 	1.0132500000e+05 	9.0000000116e+02 	5.9266659027e-02 	9.4073333916e-01 	4.1111936095e-12 	1.1103022347e-12 	2.1461316336e-10 	1.5477363131e-12 	1.5944390219e-09 	1.9493465185e-12 	
33 	 3.4000000000e-05 	  1.0000000000e-07 	 1.3802095103e-01 	1.0132500000e+05 	9.0000000060e+02 	1.4383656931e-01 	8.5616342851e-01 	2.8079712674e-12 	7.5834444262e-13 	2.1109450474e-10 	2.8189005990e-12 	1.9571541240e-09 	3.4643581878e-12 	
34 	 3.5000000000e-05 	  1.0000000000e-07 	 8.5295323222e-02 	1.0132500000e+05 	9.0000000020e+02 	2.7431213542e-01 	7.2568786251e-01 	2.0712168736e-12 	5.5948892728e-13 	1.7659587794e-10 	4.6809011598e-12 	1.8817863169e-09 	3.9622512402e-12 	
34 	 3.5000000000e-05 	  1.0000000000e-07 	 2.3029079968e-01 	1.0132500000e+05 	9.0000000121e+02 	5.9266659025e-02 	9.4073333910e-01 	4.1123352809e-12 	1.1106013231e-12 	2.2191740040e-10 	1.5481299927e-12 	1.6448766680e-09 	2.0728789596e-12 	
34 	 3.5000000000e-05 	  1.0000000000e-07 	 1.3802095103e-01 	1.0132500000e+05 	9.0000000062e+02 	1.4383656931e-01 	8.5616342845e-01 	2.8090309694e-12 	7.5862558778e-13 	2.1835138005e-10 	2.8199054711e-12 	2.0194880268e-09 	3.6849006235e-12 	
35 	 3.6000000000e-05 	  1.0000000000e-07 	 8.5295323222e-02 	1.0132500000e+05 	9.0000000021e+02 	2.7431213542e-01 	7.2568786245e-01 	2.0735508083e-12 	5.6010111323e-13 	1.8290822685e-10 	4.6857497379e-12 	1.9422103124e-09 	4.2121727444e-12 	
35 	 3.6000000000e-05 	  1.0000000000e-07 	 2.3029079968e-01 	1.0132500000e+05 	9.0000000126e+02 	5.9266659022e-02 	9.4073333904e-01 	4.1134099052e-12 	1.1108844600e-12 	2.2922355022e-10 	1.5485061180e-12 	1.6953185240e-09 	2.2002577157e-12 	
35 	 3.6000000000e-05 	  1.0000000000e-07 	 1.3802095103e-01 	1.0132500000e+05 	9.0000000065e+02 	1.4383656930e-01 	8.5616342838e-01 	2.8100307708e-12 	7.5889181331e-13 	2.2561087116e-10 	2.8208621934e-12 	2.0818284134e-09 	3.9123547910e-12 	
36 	 3.7000000000e-05 	  1.0000000000e-07 	 8.5295323222e-02 	1.0132500000e+05 	9.0000000023e+02 	2.7431213541e-01 	7.2568786238e-01 	2.0756504047e-12 	5.6065270201e-13 	1.8922712867e-10 	4.6901278873e-12 	2.0026621939e-09 	4.4699905653e-12 	
36 	 3.7000000000e-05 	  1.0000000000e-07 	 2.3029079968e-01 	1.0132500000e+05 	9.0000000130e+02 	5.9266659020e-02 	9.4073333899e-01 	4.1144317903e-12 	1.1111550536e-12 	2.3653151953e-10 	1.5488684372e-12 	1.7457642666e-09 	2.3314830479e-12 	
36 	 3.7000000000e-05 	  1.0000000000e-07 	 1.3802095103e-01 	1.0132500000e+05 	9.0000000068e+02 	1.4383656930e-01 	8.5616342831e-01 	2.8109829012e-12 	7.5914617040e-13 	2.3287285048e-10 	2.8217806001e-12 	2.1441747027e-09 	4.1467212124e-12 	
37 	 3.8000000000e-05 	  1.0000000000e-07 	 8.5295323222e-02 	1.0132500000e+05 	9.0000000024e+02 	2.7431213541e-01 	7.2568786232e-01 	2.0775483063e-12 	5.6115213841e-13 	1.9555194890e-10 	4.6941011418e-12 	2.0631385856e-09 	4.7357078880e-12 	
37 	 3.8000000000e-05 	  1.0000000000e-07 	 2.3029079968e-01 	1.0132500000e+05 	9.0000000135e+02 	5.9266659017e-02 	9.4073333893e-01 	4.1154121945e-12 	1.1114157854e-12 	2.4384123502e-10 	1.5492198997e-12 	1.7962136416e-09 	2.4665551953e-12 	
37 	 3.8000000000e-05 	  1.0000000000e-07 	 1.3802095103e-01 	1.0132500000e+05 	9.0000000071e+02 	1.4383656930e-01 	8.5616342824e-01 	2.8118970969e-12 	7.5939108826e-13 	2.4013721652e-10 	2.8226685206e-12 	2.2065264323e-09 	4.3880003521e-12 	
38 	 3.9000000000e-05 	  1.0000000000e-07 	 8.5295323222e-02 	1.0132500000e+05 	9.0000000026e+02 	2.7431213541e-01 	7.2568786225e-01 	2.0792726108e-12 	5.6160669127e-13 	2.0188214145e-10 	4.6977259094e-12 	2.1236365820e-09 	5.0093274876e-12 	
38 	 3.9000000000e-05 	  1.0000000000e-07 	 2.3029079968e-01 	1.0132500000e+05 	9.0000000140e+02 	5.9266659015e-02 	9.4073333888e-01 	4.1163599769e-12 	1.1116687657e-12 	2.5115263901e-10 	1.5495628263e-12 	1.8466664489e-09 	2.6054743798e-12 	
38 	 3.9000000000e-05 	  1.0000000000e-07 	 1.3802095103e-01 	1.0132500000e+05 	9.0000000074e+02 	1.4383656930e-01 	8.5616342818e-01 	2.8127811095e-12 	7.5962850089e-13 	2.4740388856e-10 	2.8235321881e-12 	2.2688832340e-09 	4.6361926287e-12 	
39 	 4.0000000000e-05 	  1.0000000000e-07 	 8.5295323222e-02 	1.0132500000e+05 	9.0000000028e+02 	2.7431213540e-01 	7.2568786219e-01 	2.0808475034e-12 	5.6202261722e-13 	2.0821723637e-10 	4.7010507433e-12 	2.1841536820e-09 	5.2908517864e-12 	
39 	 4.0000000000e-05 	  1.0000000000e-07 	 2.3029079968e-01 	1.0132500000e+05 	9.0000000145e+02 	5.9266659013e-02 	9.4073333882e-01 	4.1172821085e-12 	1.1119156548e-12 	2.5846568622e-10 	1.5498990430e-12 	1.8971225313e-09 	2.7482408097e-12 	
39 	 4.0000000000e-05 	  1.0000000000e-07 	 1.3802095103e-01 	1.0132500000e+05 	9.0000000077e+02 	1.4383656929e-01 	8.5616342811e-01 	2.8136411106e-12 	7.5985994804e-13 	2.5467280244e-10 	2.8243765654e-12 	2.3312448149e-09 	4.8912984243e-12 	
40 	 4.1000000000e-05 	  1.0000000000e-07 	 8.5295323222e-02 	1.0132500000e+05 	9.0000000029e+02 	2.7431213540e-01 	7.2568786213e-01 	2.0822938013e-12 	5.6240530166e-13 	2.1455682922e-10 	4.7041174356e-12 	2.2446877332e-09 	5.5802829026e-12 	
40 	 4.1000000000e-05 	  1.0000000000e-07 	 2.3029079968e-01 	1.0132500000e+05 	9.0000000149e+02 	5.9266659010e-02 	9.4073333877e-01 	4.1181840744e-12 	1.1121577593e-12 	2.6578034102e-10 	1.5502299869e-12 	1.9475817652e-09 	2.8948546827e-12 	
40 	 4.1000000000e-05 	  1.0000000000e-07 	 1.3802095103e-01 	1.0132500000e+05 	9.0000000079e+02 	1.4383656929e-01 	8.5616342804e-01 	2.8144820136e-12 	7.6008665559e-13 	2.6194390718e-10 	2.8252056034e-12 	2.3936109421e-09 	5.1533180918e-12 	
41 	 4.2000000000e-05 	  1.0000000000e-07 	 8.5295323222e-02 	1.0132500000e+05 	9.0000000031e+02 	2.7431213540e-01 	7.2568786206e-01 	2.0836294229e-12 	5.6275938008e-13 	2.2090057195e-10 	4.7069619586e-12 	2.3052368831e-09 	5.8776226931e-12 	
41 	 4.2000000000e-05 	  1.0000000000e-07 	 2.3029079968e-01 	1.0132500000e+05 	9.0000000154e+02 	5.9266659008e-02 	9.4073333871e-01 	4.1190701910e-12 	1.1123961072e-12 	2.7309657548e-10 	1.5505567886e-12 	1.9980440531e-09 	3.0453161880e-12 	
41 	 4.2000000000e-05 	  1.0000000000e-07 	 1.3802095103e-01 	1.0132500000e+05 	9.0000000082e+02 	1.4383656929e-01 	8.5616342798e-01 	2.8153077300e-12 	7.6030959952e-13 	2.6921716227e-10 	2.8260224477e-12 	2.4559814301e-09 	5.4222519610e-12 	
42 	 4.3000000000e-05 	  1.0000000000e-07 	 8.5295323222e-02 	1.0132500000e+05 	9.0000000032e+02 	2.7431213540e-01 	7.2568786200e-01 	2.0848697915e-12 	5.6308884246e-13 	2.2724816505e-10 	4.7096152757e-12 	2.3657995369e-09 	6.1828727898e-12 	
42 	 4.3000000000e-05 	  1.0000000000e-07 	 2.3029079968e-01 	1.0132500000e+05 	9.0000000159e+02 	5.9266659006e-02 	9.4073333866e-01 	4.1199438543e-12 	1.1126315076e-12 	2.8041436764e-10 	1.5508803379e-12 	2.0485093187e-09 	3.1996255084e-12 	
42 	 4.3000000000e-05 	  1.0000000000e-07 	 1.3802095103e-01 	1.0132500000e+05 	9.0000000085e+02 	1.4383656928e-01 	8.5616342791e-01 	2.8161213745e-12 	7.6052955684e-13 	2.7649253556e-10 	2.8268296026e-12 	2.5183561315e-09 	5.6981003434e-12 	
43 	 4.4000000000e-05 	  1.0000000000e-07 	 8.5295323222e-02 	1.0132500000e+05 	9.0000000034e+02 	2.7431213539e-01 	7.2568786193e-01 	2.0860281828e-12 	5.6339712317e-13 	2.3359935080e-10 	4.7121040385e-12 	2.4263743224e-09 	6.4960346308e-12 	
43 	 4.4000000000e-05 	  1.0000000000e-07 	 2.3029079968e-01 	1.0132500000e+05 	9.0000000164e+02 	5.9266659003e-02 	9.4073333860e-01 	4.1208077370e-12 	1.1128645969e-12 	2.8773370030e-10 	1.5512013348e-12 	2.0989775020e-09 	3.3577828212e-12 	
43 	 4.4000000000e-05 	  1.0000000000e-07 	 1.3802095103e-01 	1.0132500000e+05 	9.0000000088e+02 	1.4383656928e-01 	8.5616342784e-01 	2.8169254264e-12 	7.6074714618e-13 	2.8377000154e-10 	2.8276290621e-12 	2.5807349292e-09 	5.9808635358e-12 	
44 	 4.5000000000e-05 	  1.0000000000e-07 	 8.5295323222e-02 	1.0132500000e+05 	9.0000000035e+02 	2.7431213539e-01 	7.2568786187e-01 	2.0871160236e-12 	5.6368717833e-13 	2.3995390743e-10 	4.7144511871e-12 	2.4869600585e-09 	6.8171094874e-12 	
44 	 4.5000000000e-05 	  1.0000000000e-07 	 2.3029079968e-01 	1.0132500000e+05 	9.0000000168e+02 	5.9266659001e-02 	9.4073333854e-01 	4.1216639420e-12 	1.1130958761e-12 	2.9505455996e-10 	1.5515203303e-12 	2.1494485557e-09 	3.5197883001e-12 	
44 	 4.5000000000e-05 	  1.0000000000e-07 	 1.3802095103e-01 	1.0132500000e+05 	9.0000000091e+02 	1.4383656928e-01 	8.5616342777e-01 	2.8177218597e-12 	7.6096286006e-13 	2.9104954002e-10 	2.8284224134e-12 	2.6431177299e-09 	6.2705418234e-12 	
45 	 4.6000000000e-05 	  1.0000000000e-07 	 8.5295323222e-02 	1.0132500000e+05 	9.0000000037e+02 	2.7431213539e-01 	7.2568786180e-01 	2.0881431496e-12 	5.6396155245e-13 	2.4631164413e-10 	4.7166764675e-12 	2.5475557286e-09 	7.1460984876e-12 	
45 	 4.6000000000e-05 	  1.0000000000e-07 	 2.3029079968e-01 	1.0132500000e+05 	9.0000000173e+02 	5.9266658998e-02 	9.4073333849e-01 	4.1225141238e-12 	1.1133257393e-12 	3.0237693607e-10 	1.5518377578e-12 	2.1999224427e-09 	3.6856421150e-12 	
45 	 4.6000000000e-05 	  1.0000000000e-07 	 1.3802095103e-01 	1.0132500000e+05 	9.0000000094e+02 	1.4383656928e-01 	8.5616342771e-01 	2.8185122462e-12 	7.6117709059e-13 	2.9833113498e-10 	2.8292109205e-12 	2.7055044596e-09 	6.5671354822e-12 	
46 	 4.7000000000e-05 	  1.0000000000e-07 	 8.5295323222e-02 	1.0132500000e+05 	9.0000000038e+02 	2.7431213539e-01 	7.2568786174e-01 	2.0891180270e-12 	5.6422243569e-13 	2.5267239673e-10 	4.7187968758e-12 	2.6081604578e-09 	7.4830026360e-12 	
46 	 4.7000000000e-05 	  1.0000000000e-07 	 2.3029079968e-01 	1.0132500000e+05 	9.0000000178e+02 	5.9266658996e-02 	9.4073333843e-01 	4.1233595846e-12 	1.1135544967e-12 	3.0970082038e-10 	1.5521539584e-12 	2.2503991340e-09 	3.8553444339e-12 	
46 	 4.7000000000e-05 	  1.0000000000e-07 	 1.3802095103e-01 	1.0132500000e+05 	9.0000000097e+02 	1.4383656927e-01 	8.5616342764e-01 	2.8192978370e-12 	7.6139014996e-13 	3.0561477380e-10 	2.8299955893e-12 	2.7678950595e-09 	6.8706447808e-12 	
47 	 4.8000000000e-05 	  1.0000000000e-07 	 8.5295323222e-02 	1.0132500000e+05 	9.0000000040e+02 	2.7431213538e-01 	7.2568786167e-01 	2.0900479428e-12 	5.6447171323e-13 	2.5903602400e-10 	4.7208270416e-12 	2.6687734933e-09 	7.8278228305e-12 	
47 	 4.8000000000e-05 	  1.0000000000e-07 	 2.3029079968e-01 	1.0132500000e+05 	9.0000000183e+02 	5.9266658994e-02 	9.4073333838e-01 	4.1242013489e-12 	1.1137823923e-12 	3.1702620644e-10 	1.5524692005e-12 	2.3008786069e-09 	4.0288954225e-12 	
47 	 4.8000000000e-05 	  1.0000000000e-07 	 1.3802095103e-01 	1.0132500000e+05 	9.0000000099e+02 	1.4383656927e-01 	8.5616342757e-01 	2.8200796283e-12 	7.6160228672e-13 	3.1290044648e-10 	2.8307772211e-12 	2.8302894829e-09 	7.1810699821e-12 	
48 	 4.9000000000e-05 	  1.0000000000e-07 	 8.5295323222e-02 	1.0132500000e+05 	9.0000000041e+02 	2.7431213538e-01 	7.2568786161e-01 	2.0909391695e-12 	5.6471100774e-13 	2.6540240445e-10 	4.7227795570e-12 	2.7293941872e-09 	8.1805598781e-12 	
48 	 4.9000000000e-05 	  1.0000000000e-07 	 2.3029079968e-01 	1.0132500000e+05 	9.0000000188e+02 	5.9266658991e-02 	9.4073333832e-01 	4.1250402229e-12 	1.1140096181e-12 	3.2435308924e-10 	1.5527836953e-12 	2.3513608433e-09 	4.2062952450e-12 	
48 	 4.9000000000e-05 	  1.0000000000e-07 	 1.3802095103e-01 	1.0132500000e+05 	9.0000000102e+02 	1.4383656927e-01 	8.5616342750e-01 	2.8208584133e-12 	7.6181369874e-13 	3.2018814521e-10 	2.8315564536e-12 	2.8926876930e-09 	7.4984113441e-12 	
49 	 5.0000000000e-05 	  1.0000000000e-07 	 8.5295323222e-02 	1.0132500000e+05 	9.0000000043e+02 	2.7431213538e-01 	7.2568786154e-01 	2.0917971061e-12 	5.6494171593e-13 	2.7177143359e-10 	4.7246652610e-12 	2.7900219818e-09 	8.5412145066e-12 	
49 	 5.0000000000e-05 	  1.0000000000e-07 	 2.3029079968e-01 	1.0132500000e+05 	9.0000000192e+02 	5.9266658989e-02 	9.4073333827e-01 	4.1258768410e-12 	1.1142363253e-12 	3.3168146490e-10 	1.5530976090e-12 	2.4018458295e-09 	4.3875440643e-12 	
49 	 5.0000000000e-05 	  1.0000000000e-07 	 1.3802095103e-01 	1.0132500000e+05 	9.0000000105e+02 	1.4383656927e-01 	8.5616342744e-01 	2.8216348233e-12 	7.6202454357e-13 	3.2747786381e-10 	2.8323337945e-12 	2.9550896603e-09 	7.8226691215e-12 	
50 	 5.1000000000e-05 	  1.0000000000e-07 	 8.5295323222e-02 	1.0132500000e+05 	9.0000000045e+02 	2.7431213538e-01 	7.2568786148e-01 	2.0926263997e-12 	5.6516504004e-13 	2.7814302154e-10 	4.7264934830e-12 	2.8506563974e-09 	8.9097873765e-12 	
50 	 5.1000000000e-05 	  1.0000000000e-07 	 2.3029079968e-01 	1.0132500000e+05 	9.0000000197e+02 	5.9266658987e-02 	9.4073333821e-01 	4.1267117024e-12 	1.1144626327e-12 	3.3901133040e-10 	1.5534110724e-12 	2.4523335543e-09 	4.5726420426e-12 	
50 	 5.1000000000e-05 	  1.0000000000e-07 	 1.3802095103e-01 	1.0132500000e+05 	9.0000000108e+02 	1.4383656926e-01 	8.5616342737e-01 	2.8224093612e-12 	7.6223494663e-13 	3.3476959748e-10 	2.8331096482e-12 	3.0174953617e-09 	8.1538435658e-12 	
51 	 5.2000000000e-05 	  1.0000000000e-07 	 8.5295323222e-02 	1.0132500000e+05 	9.0000000046e+02 	2.7431213537e-01 	7.2568786141e-01 	2.0934310504e-12 	5.6538201485e-13 	2.8451709102e-10 	4.7282722533e-12 	2.9112970210e-09 	9.2862790896e-12 	
51 	 5.2000000000e-05 	  1.0000000000e-07 	 2.3029079968e-01 	1.0132500000e+05 	9.0000000202e+02 	5.9266658984e-02 	9.4073333816e-01 	4.1275451998e-12 	1.1146886338e-12 	3.4634268345e-10 	1.5537241883e-12 	2.5028240094e-09 	4.7615893412e-12 	
51 	 5.2000000000e-05 	  1.0000000000e-07 	 1.3802095103e-01 	1.0132500000e+05 	9.0000000111e+02 	1.4383656926e-01 	8.5616342730e-01 	2.8231824271e-12 	7.6244500778e-13 	3.4206334250e-10 	2.8338843363e-12 	3.0799047790e-09 	8.4919349264e-12 	
52 	 5.3000000000e-05 	  1.0000000000e-07 	 8.5295323222e-02 	1.0132500000e+05 	9.0000000048e+02 	2.7431213537e-01 	7.2568786135e-01 	2.0942145012e-12 	5.6559353109e-13 	2.9089357557e-10 	4.7300084841e-12 	2.9719434976e-09 	9.6706901979e-12 	
52 	 5.3000000000e-05 	  1.0000000000e-07 	 2.3029079968e-01 	1.0132500000e+05 	9.0000000207e+02 	5.9266658982e-02 	9.4073333810e-01 	4.1283776424e-12 	1.1149144024e-12 	3.5367552227e-10 	1.5540370378e-12 	2.5533171881e-09 	4.9543861209e-12 	
52 	 5.3000000000e-05 	  1.0000000000e-07 	 1.3802095103e-01 	1.0132500000e+05 	9.0000000114e+02 	1.4383656926e-01 	8.5616342724e-01 	2.8239543397e-12 	7.6265480653e-13 	3.4935909599e-10 	2.8346581153e-12 	3.1423178976e-09 	8.8369434508e-12 	
53 	 5.4000000000e-05 	  1.0000000000e-07 	 8.5295323222e-02 	1.0132500000e+05 	9.0000000049e+02 	2.7431213537e-01 	7.2568786128e-01 	2.0949797157e-12 	5.6580035544e-13 	2.9727241808e-10 	4.7317081249e-12 	3.0325955213e-09 	1.0063021210e-11 	
53 	 5.4000000000e-05 	  1.0000000000e-07 	 2.3029079968e-01 	1.0132500000e+05 	9.0000000211e+02 	5.9266658979e-02 	9.4073333804e-01 	4.1292092732e-12 	1.1151399963e-12 	3.6100984553e-10 	1.5543496845e-12 	2.6038130852e-09 	5.1510325420e-12 	
53 	 5.4000000000e-05 	  1.0000000000e-07 	 1.3802095103e-01 	1.0132500000e+05 	9.0000000117e+02 	1.4383656925e-01 	8.5616342717e-01 	2.8247253526e-12 	7.6286440618e-13 	3.5665685575e-10 	2.8354311890e-12 	3.2047347064e-09 	9.1888693851e-12 	
54 	 5.5000000000e-05 	  1.0000000000e-07 	 8.5295323222e-02 	1.0132500000e+05 	9.0000000051e+02 	2.7431213537e-01 	7.2568786122e-01 	2.0957292447e-12 	5.6600314781e-13 	3.0365356945e-10 	4.7333762969e-12 	3.0932528293e-09 	1.0463272598e-11 	
54 	 5.5000000000e-05 	  1.0000000000e-07 	 2.3029079968e-01 	1.0132500000e+05 	9.0000000216e+02 	5.9266658977e-02 	9.4073333799e-01 	4.1300402838e-12 	1.1153654612e-12 	3.6834565225e-10 	1.5546621786e-12 	2.6543116969e-09 	5.3515287644e-12 	
54 	 5.5000000000e-05 	  1.0000000000e-07 	 1.3802095103e-01 	1.0132500000e+05 	9.0000000120e+02 	1.4383656925e-01 	8.5616342710e-01 	2.8254956680e-12 	7.6307385712e-13 	3.6395662013e-10 	2.8362037199e-12 	3.2671551964e-09 	9.5477129744e-12 	
55 	 5.6000000000e-05 	  1.0000000000e-07 	 8.5295323222e-02 	1.0132500000e+05 	9.0000000052e+02 	2.7431213536e-01 	7.2568786115e-01 	2.0964652841e-12 	5.6620247624e-13 	3.1003698751e-10 	4.7350174080e-12 	3.1539151953e-09 	1.0871444800e-11 	
55 	 5.6000000000e-05 	  1.0000000000e-07 	 2.3029079968e-01 	1.0132500000e+05 	9.0000000221e+02 	5.9266658975e-02 	9.4073333793e-01 	4.1308708247e-12 	1.1155908328e-12 	3.7568294169e-10 	1.5549745595e-12 	2.7048130201e-09 	5.5558749480e-12 	
55 	 5.6000000000e-05 	  1.0000000000e-07 	 1.3802095103e-01 	1.0132500000e+05 	9.0000000122e+02 	1.4383656925e-01 	8.5616342703e-01 	2.8262654465e-12 	7.6328319947e-13 	3.7125838790e-10 	2.8369758374e-12 	3.3295793607e-09 	9.9134744626e-12 	
56 	 5.7000000000e-05 	  1.0000000000e-07 	 8.5295323222e-02 	1.0132500000e+05 	9.0000000054e+02 	2.7431213536e-01 	7.2568786109e-01 	2.0971897237e-12 	5.6639882964e-13 	3.1642263601e-10 	4.7366352525e-12 	3.2145824248e-09 	1.1287538230e-11 	
56 	 5.7000000000e-05 	  1.0000000000e-07 	 2.3029079968e-01 	1.0132500000e+05 	9.0000000226e+02 	5.9266658972e-02 	9.4073333788e-01 	4.1317010143e-12 	1.1158161395e-12 	3.8302171335e-10 	1.5552868582e-12 	2.7553170525e-09 	5.7640712522e-12 	
56 	 5.7000000000e-05 	  1.0000000000e-07 	 1.3802095103e-01 	1.0132500000e+05 	9.0000000125e+02 	1.4383656925e-01 	8.5616342697e-01 	2.8270348162e-12 	7.6349246518e-13 	3.7856215819e-10 	2.8377476443e-12 	3.3920071940e-09 	1.0286154093e-11 	
57 	 5.8000000000e-05 	  1.0000000000e-07 	 8.5295323222e-02 	1.0132500000e+05 	9.0000000055e+02 	2.7431213536e-01 	7.2568786102e-01 	2.0979041902e-12 	5.6659262887e-13 	3.2281048384e-10 	4.7382330961e-12 	3.2752543504e-09 	1.1711553276e-11 	
57 	 5.8000000000e-05 	  1.0000000000e-07 	 2.3029079968e-01 	1.0132500000e+05 	9.0000000231e+02 	5.9266658970e-02 	9.4073333782e-01 	4.1325309460e-12 	1.1160414034e-12 	3.9036196686e-10 	1.5555990993e-12 	2.8058237923e-09 	5.9761178363e-12 	
57 	 5.8000000000e-05 	  1.0000000000e-07 	 1.3802095103e-01 	1.0132500000e+05 	9.0000000128e+02 	1.4383656924e-01 	8.5616342690e-01 	2.8278038791e-12 	7.6370167968e-13 	3.8586793038e-10 	2.8385192227e-12 	3.4544386921e-09 	1.0665752109e-11 	
58 	 5.9000000000e-05 	  1.0000000000e-07 	 8.5295323222e-02 	1.0132500000e+05 	9.0000000057e+02 	2.7431213536e-01 	7.2568786096e-01 	2.0986100840e-12 	5.6678423616e-13 	3.2920050429e-10 	4.7398137499e-12 	3.3359308281e-09 	1.2143490305e-11 	
58 	 5.9000000000e-05 	  1.0000000000e-07 	 2.3029079968e-01 	1.0132500000e+05 	9.0000000235e+02 	5.9266658968e-02 	9.4073333777e-01 	4.1333606930e-12 	1.1162666420e-12 	3.9770370200e-10 	1.5559113019e-12 	2.8563332382e-09 	6.1920148598e-12 	
58 	 5.9000000000e-05 	  1.0000000000e-07 	 1.3802095103e-01 	1.0132500000e+05 	9.0000000131e+02 	1.4383656924e-01 	8.5616342683e-01 	2.8285727162e-12 	7.6391086322e-13 	3.9317570409e-10 	2.8392906378e-12 	3.5168738520e-09 	1.1052268753e-11 	
59 	 6.0000000000e-05 	  1.0000000000e-07 	 8.5295323222e-02 	1.0132500000e+05 	9.0000000059e+02 	2.7431213535e-01 	7.2568786089e-01 	2.0993086103e-12 	5.6697396332e-13 	3.3559267446e-10 	4.7413796336e-12 	3.3966117342e-09 	1.2583349670e-11 	
59 	 6.0000000000e-05 	  1.0000000000e-07 	 2.3029079968e-01 	1.0132500000e+05 	9.0000000240e+02 	5.9266658965e-02 	9.4073333771e-01 	4.1341903132e-12 	1.1164918691e-12 	4.0504691867e-10 	1.5562234811e-12 	2.9068453894e-09 	6.4117624817e-12 	
59 	 6.0000000000e-05 	  1.0000000000e-07 	 1.3802095103e-01 	1.0132500000e+05 	9.0000000134e+02 	1.4383656924e-01 	8.5616342676e-01 	2.8293413923e-12 	7.6412003192e-13 	4.0048547910e-10 	2.8400619416e-12 	3.5793126714e-09 	1.1445704268e-11 	
60 	 6.1000000000e-05 	  1.0000000000e-07 	 8.5295323222e-02 	1.0132500000e+05 	9.0000000060e+02 	2.7431213535e-01 	7.2568786083e-01 	2.1000008064e-12 	5.6716207873e-13 	3.4198697468e-10 	4.7429328299e-12 	3.4572969624e-09 	1.3031131704e-11 	
60 	 6.1000000000e-05 	  1.0000000000e-07 	 2.3029079968e-01 	1.0132500000e+05 	9.0000000245e+02 	5.9266658963e-02 	9.4073333765e-01 	4.1350198520e-12 	1.1167170955e-12 	4.1239161681e-10 	1.5565356489e-12 	2.9573602451e-09 	6.6353608612e-12 	
60 	 6.1000000000e-05 	  1.0000000000e-07 	 1.3802095103e-01 	1.0132500000e+05 	9.0000000137e+02 	1.4383656924e-01 	8.5616342670e-01 	2.8301099587e-12 	7.6432919862e-13 	4.0779725533e-10 	2.8408331754e-12 	3.6417551485e-09 	1.1846058894e-11 	
61 	 6.2000000000e-05 	  1.0000000000e-07 	 8.5295323222e-02 	1.0132500000e+05 	9.0000000062e+02 	2.7431213535e-01 	7.2568786076e-01 	2.1006875654e-12 	5.6734881339e-13 	3.4838338812e-10 	4.7444751314e-12 	3.5179864210e-09 	1.3486836732e-11 	
61 	 6.2000000000e-05 	  1.0000000000e-07 	 2.3029079968e-01 	1.0132500000e+05 	9.0000000250e+02 	5.9266658960e-02 	9.4073333760e-01 	4.1358493451e-12 	1.1169423297e-12 	4.1973779645e-10 	1.5568478146e-12 	3.0078778050e-09 	6.8628101574e-12 	
61 	 6.2000000000e-05 	  1.0000000000e-07 	 1.3802095103e-01 	1.0132500000e+05 	9.0000000140e+02 	1.4383656923e-01 	8.5616342663e-01 	2.8308784565e-12 	7.6453837354e-13 	4.1511103282e-10 	2.8416043722e-12 	3.7042012822e-09 	1.2253332874e-11 	
62 	 6.3000000000e-05 	  1.0000000000e-07 	 8.5295323222e-02 	1.0132500000e+05 	9.0000000063e+02 	2.7431213535e-01 	7.2568786070e-01 	2.1013696559e-12 	5.6753436616e-13 	3.5478190036e-10 	4.7460080811e-12 	3.5786800317e-09 	1.3950465065e-11 	
62 	 6.3000000000e-05 	  1.0000000000e-07 	 2.3029079968e-01 	1.0132500000e+05 	9.0000000254e+02 	5.9266658958e-02 	9.4073333754e-01 	4.1366788207e-12 	1.1171675783e-12 	4.2708545767e-10 	1.5571599856e-12 	3.0583980687e-09 	7.0941105293e-12 	
62 	 6.3000000000e-05 	  1.0000000000e-07 	 1.3802095103e-01 	1.0132500000e+05 	9.0000000143e+02 	1.4383656923e-01 	8.5616342656e-01 	2.8316469181e-12 	7.6474756481e-13 	4.2242681168e-10 	2.8423755582e-12 	3.7666510716e-09 	1.2667526450e-11 	
63 	 6.4000000000e-05 	  1.0000000000e-07 	 8.5295323222e-02 	1.0132500000e+05 	9.0000000065e+02 	2.7431213534e-01 	7.2568786063e-01 	2.1020477394e-12 	5.6771890818e-13 	3.6118249907e-10 	4.7475330073e-12 	3.6393777268e-09 	1.4422017005e-11 	
63 	 6.4000000000e-05 	  1.0000000000e-07 	 2.3029079968e-01 	1.0132500000e+05 	9.0000000259e+02 	5.9266658956e-02 	9.4073333749e-01 	4.1375083009e-12 	1.1173928468e-12 	4.3443460058e-10 	1.5574721676e-12 	3.1089210362e-09 	7.3292621360e-12 	
63 	 6.4000000000e-05 	  1.0000000000e-07 	 1.3802095103e-01 	1.0132500000e+05 	9.0000000146e+02 	1.4383656923e-01 	8.5616342649e-01 	2.8324153697e-12 	7.6495677892e-13 	4.2974459210e-10 	2.8431467543e-12 	3.8291045163e-09 	1.3088639864e-11 	
64 	 6.5000000000e-05 	  1.0000000000e-07 	 8.5295323222e-02 	1.0132500000e+05 	9.0000000066e+02 	2.7431213534e-01 	7.2568786057e-01 	2.1027223854e-12 	5.6790258678e-13 	3.6758517369e-10 	4.7490510532e-12 	3.7000794483e-09 	1.4901492845e-11 	
64 	 6.5000000000e-05 	  1.0000000000e-07 	 2.3029079968e-01 	1.0132500000e+05 	9.0000000264e+02 	5.9266658953e-02 	9.4073333743e-01 	4.1383378030e-12 	1.1176181392e-12 	4.4178522533e-10 	1.5577843653e-12 	3.1594467074e-09 	7.5682651366e-12 	
64 	 6.5000000000e-05 	  1.0000000000e-07 	 1.3802095103e-01 	1.0132500000e+05 	9.0000000148e+02 	1.4383656922e-01 	8.5616342643e-01 	2.8331838318e-12 	7.6516602103e-13 	4.3706437433e-10 	2.8439179771e-12 	3.8915616160e-09 	1.3516673356e-11 	
65 	 6.6000000000e-05 	  1.0000000000e-07 	 8.5295323222e-02 	1.0132500000e+05 	9.0000000068e+02 	2.7431213534e-01 	7.2568786050e-01 	2.1033940841e-12 	5.6808552877e-13 	3.7398991522e-10 	4.7505632029e-12 	3.7607851465e-09 	1.5388892874e-11 	
65 	 6.6000000000e-05 	  1.0000000000e-07 	 2.3029079968e-01 	1.0132500000e+05 	9.0000000269e+02 	5.9266658951e-02 	9.4073333738e-01 	4.1391673409e-12 	1.1178434588e-12 	4.4913733208e-10 	1.5580965823e-12 	3.2099750823e-09 	7.8111196901e-12 	
65 	 6.6000000000e-05 	  1.0000000000e-07 	 1.3802095103e-01 	1.0132500000e+05 	9.0000000151e+02 	1.4383656922e-01 	8.5616342636e-01 	2.8339523210e-12 	7.6537529524e-13 	4.4438615865e-10 	2.8446892399e-12 	3.9540223707e-09 	1.3951627170e-11 	
66 	 6.7000000000e-05 	  1.0000000000e-07 	 8.5295323222e-02 	1.0132500000e+05 	9.0000000070e+02 	2.7431213534e-01 	7.2568786044e-01 	2.1040632574e-12 	5.6826784328e-13 	3.8039671598e-10 	4.7520703033e-12 	3.8214947787e-09 	1.5884217371e-11 	
66 	 6.7000000000e-05 	  1.0000000000e-07 	 2.3029079968e-01 	1.0132500000e+05 	9.0000000274e+02 	5.9266658949e-02 	9.4073333732e-01 	4.1399969254e-12 	1.1180688081e-12 	4.5649092101e-10 	1.5584088213e-12 	3.2605061612e-09 	8.0578259555e-12 	
66 	 6.7000000000e-05 	  1.0000000000e-07 	 1.3802095103e-01 	1.0132500000e+05 	9.0000000154e+02 	1.4383656922e-01 	8.5616342629e-01 	2.8347208503e-12 	7.6558460483e-13 	4.5170994539e-10 	2.8454605532e-12 	4.0164867805e-09 	1.4393501545e-11 	
67 	 6.8000000000e-05 	  1.0000000000e-07 	 8.5295323222e-02 	1.0132500000e+05 	9.0000000071e+02 	2.7431213533e-01 	7.2568786037e-01 	2.1047302685e-12 	5.6844962428e-13 	3.8680556945e-10 	4.7535730835e-12 	3.8822083081e-09 	1.6387466612e-11 	
67 	 6.8000000000e-05 	  1.0000000000e-07 	 2.3029079968e-01 	1.0132500000e+05 	9.0000000278e+02 	5.9266658946e-02 	9.4073333726e-01 	4.1408265648e-12 	1.1182941893e-12 	4.6384599235e-10 	1.5587210846e-12 	3.3110399442e-09 	8.3083840921e-12 	
67 	 6.8000000000e-05 	  1.0000000000e-07 	 1.3802095103e-01 	1.0132500000e+05 	9.0000000157e+02 	1.4383656922e-01 	8.5616342622e-01 	2.8354894302e-12 	7.6579395240e-13 	4.5903573490e-10 	2.8462319254e-12 	4.0789548457e-09 	1.4842296725e-11 	
68 	 6.9000000000e-05 	  1.0000000000e-07 	 8.5295323222e-02 	1.0132500000e+05 	9.0000000073e+02 	2.7431213533e-01 	7.2568786031e-01 	2.1053954299e-12 	5.6863095264e-13 	3.9321647008e-10 	4.7550721711e-12 	3.9429257035e-09 	1.6898640869e-11 	
68 	 6.9000000000e-05 	  1.0000000000e-07 	 2.3029079968e-01 	1.0132500000e+05 	9.0000000283e+02 	5.9266658944e-02 	9.4073333721e-01 	4.1416562659e-12 	1.1185196038e-12 	4.7120254629e-10 	1.5590333740e-12 	3.3615764314e-09 	8.5627942588e-12 	
68 	 6.9000000000e-05 	  1.0000000000e-07 	 1.3802095103e-01 	1.0132500000e+05 	9.0000000160e+02 	1.4383656921e-01 	8.5616342616e-01 	2.8362580689e-12 	7.6600334003e-13 	4.6636352756e-10 	2.8470033632e-12 	4.1414265666e-09 	1.5298012950e-11 	
69 	 7.0000000000e-05 	  1.0000000000e-07 	 8.5295323222e-02 	1.0132500000e+05 	9.0000000074e+02 	2.7431213533e-01 	7.2568786024e-01 	2.1060590107e-12 	5.6881189795e-13 	3.9962941315e-10 	4.7565681062e-12 	4.0036469378e-09 	1.7417740409e-11 	
69 	 7.0000000000e-05 	  1.0000000000e-07 	 2.3029079968e-01 	1.0132500000e+05 	9.0000000288e+02 	5.9266658941e-02 	9.4073333715e-01 	4.1424860340e-12 	1.1187450530e-12 	4.7856058306e-10 	1.5593456908e-12 	3.4121156232e-09 	8.8210566149e-12 	
69 	 7.0000000000e-05 	  1.0000000000e-07 	 1.3802095103e-01 	1.0132500000e+05 	9.0000000163e+02 	1.4383656921e-01 	8.5616342609e-01 	2.8370267732e-12 	7.6621276937e-13 	4.7369332374e-10 	2.8477748718e-12 	4.2039019437e-09 	1.5760650462e-11 	
70 	 7.1000000000e-05 	  1.0000000000e-07 	 8.5295323222e-02 	1.0132500000e+05 	9.0000000076e+02 	2.7431213532e-01 	7.2568786018e-01 	2.1067212425e-12 	5.6899252014e-13 	4.0604439471e-10 	4.7580613538e-12 	4.0643719880e-09 	1.7944765495e-11 	
70 	 7.1000000000e-05 	  1.0000000000e-07 	 2.3029079968e-01 	1.0132500000e+05 	9.0000000293e+02 	5.9266658939e-02 	9.4073333710e-01 	4.1433158732e-12 	1.1189705378e-12 	4.8592010289e-10 	1.5596580361e-12 	3.4626575199e-09 	9.0831713195e-12 	
70 	 7.1000000000e-05 	  1.0000000000e-07 	 1.3802095103e-01 	1.0132500000e+05 	9.0000000166e+02 	1.4383656921e-01 	8.5616342602e-01 	2.8377955483e-12 	7.6642224174e-13 	4.8102512387e-10 	2.8485464557e-12 	4.2663809774e-09 	1.6230209503e-11 	
71 	 7.2000000000e-05 	  1.0000000000e-07 	 8.5295323222e-02 	1.0132500000e+05 	9.0000000078e+02 	2.7431213532e-01 	7.2568786011e-01 	2.1073823246e-12 	5.6917287078e-13 	4.1246141141e-10 	4.7595523142e-12 	4.1251008344e-09 	1.8479716391e-11 	
71 	 7.2000000000e-05 	  1.0000000000e-07 	 2.3029079968e-01 	1.0132500000e+05 	9.0000000298e+02 	5.9266658937e-02 	9.4073333704e-01 	4.1441457867e-12 	1.1191960590e-12 	4.9328110603e-10 	1.5599704108e-12 	3.5132021217e-09 	9.3491385317e-12 	
71 	 7.2000000000e-05 	  1.0000000000e-07 	 1.3802095103e-01 	1.0132500000e+05 	9.0000000169e+02 	1.4383656920e-01 	8.5616342595e-01 	2.8385643984e-12 	7.6663175818e-13 	4.8835892835e-10 	2.8493181181e-12 	4.3288636683e-09 	1.6706690316e-11 	
72 	 7.3000000000e-05 	  1.0000000000e-07 	 8.5295323222e-02 	1.0132500000e+05 	9.0000000079e+02 	2.7431213532e-01 	7.2568786005e-01 	2.1080424287e-12 	5.6935299427e-13 	4.1888046043e-10 	4.7610413317e-12 	4.1858334602e-09 	1.9022593353e-11 	
72 	 7.3000000000e-05 	  1.0000000000e-07 	 2.3029079968e-01 	1.0132500000e+05 	9.0000000303e+02 	5.9266658934e-02 	9.4073333698e-01 	4.1449757772e-12 	1.1194216173e-12 	5.0064359270e-10 	1.5602828155e-12 	3.5637494290e-09 	9.6189584108e-12 	
72 	 7.3000000000e-05 	  1.0000000000e-07 	 1.3802095103e-01 	1.0132500000e+05 	9.0000000172e+02 	1.4383656920e-01 	8.5616342589e-01 	2.8393333268e-12 	7.6684131953e-13 	4.9569473762e-10 	2.8500898617e-12 	4.3913500170e-09 	1.7190093141e-11 	
73 	 7.4000000000e-05 	  1.0000000000e-07 	 8.5295323222e-02 	1.0132500000e+05 	9.0000000081e+02 	2.7431213532e-01 	7.2568785998e-01 	2.1087017025e-12 	5.6953292880e-13 	4.2530153944e-10 	4.7625287029e-12 	4.2465698510e-09 	1.9573396640e-11 	
73 	 7.4000000000e-05 	  1.0000000000e-07 	 2.3029079968e-01 	1.0132500000e+05 	9.0000000307e+02 	5.9266658932e-02 	9.4073333693e-01 	4.1458058466e-12 	1.1196472130e-12 	5.0800756317e-10 	1.5605952508e-12 	3.6142994420e-09 	9.8926311160e-12 	
73 	 7.4000000000e-05 	  1.0000000000e-07 	 1.3802095103e-01 	1.0132500000e+05 	9.0000000175e+02 	1.4383656920e-01 	8.5616342582e-01 	2.8401023362e-12 	7.6705092646e-13 	5.0303255210e-10 	2.8508616886e-12 	4.4538400242e-09 	1.7680418221e-11 	
74 	 7.5000000000e-05 	  1.0000000000e-07 	 8.5295323222e-02 	1.0132500000e+05 	9.0000000082e+02 	2.7431213531e-01 	7.2568785992e-01 	2.1093602730e-12 	5.6971270728e-13 	4.3172464650e-10 	4.7640146830e-12 	4.3073099947e-09 	2.0132126506e-11 	
74 	 7.5000000000e-05 	  1.0000000000e-07 	 2.3029079968e-01 	1.0132500000e+05 	9.0000000312e+02 	5.9266658930e-02 	9.4073333687e-01 	4.1466359966e-12 	1.1198728466e-12 	5.1537301767e-10 	1.5609077171e-12 	3.6648521611e-09 	1.0170156807e-11 	
74 	 7.5000000000e-05 	  1.0000000000e-07 	 1.3802095103e-01 	1.0132500000e+05 	9.0000000178e+02 	1.4383656920e-01 	8.5616342575e-01 	2.8408714287e-12 	7.6726057950e-13 	5.1037237223e-10 	2.8516336007e-12 	4.5163336904e-09 	1.8177665798e-11 	
75 	 7.6000000000e-05 	  1.0000000000e-07 	 8.5295323222e-02 	1.0132500000e+05 	9.0000000084e+02 	2.7431213531e-01 	7.2568785985e-01 	2.1100182497e-12 	5.6989235802e-13 	4.3814978001e-10 	4.7654994918e-12 	4.3680538807e-09 	2.0698783205e-11 	
75 	 7.6000000000e-05 	  1.0000000000e-07 	 2.3029079968e-01 	1.0132500000e+05 	9.0000000317e+02 	5.9266658927e-02 	9.4073333682e-01 	4.1474662284e-12 	1.1200985184e-12 	5.2273995645e-10 	1.5612202147e-12 	3.7154075867e-09 	1.0451535642e-11 	
75 	 7.6000000000e-05 	  1.0000000000e-07 	 1.3802095103e-01 	1.0132500000e+05 	9.0000000180e+02 	1.4383656919e-01 	8.5616342568e-01 	2.8416406060e-12 	7.6747027908e-13 	5.1771419847e-10 	2.8524055992e-12 	4.5788310164e-09 	1.8681836114e-11 	
76 	 7.7000000000e-05 	  1.0000000000e-07 	 8.5295323222e-02 	1.0132500000e+05 	9.0000000085e+02 	2.7431213531e-01 	7.2568785979e-01 	2.1106757268e-12 	5.7007190537e-13 	4.4457693867e-10 	4.7669833183e-12 	4.4288015003e-09 	2.1273366990e-11 	
76 	 7.7000000000e-05 	  1.0000000000e-07 	 2.3029079968e-01 	1.0132500000e+05 	9.0000000322e+02 	5.9266658925e-02 	9.4073333676e-01 	4.1482965429e-12 	1.1203242286e-12 	5.3010837977e-10 	1.5615327439e-12 	3.7659657191e-09 	1.0736767781e-11 	
76 	 7.7000000000e-05 	  1.0000000000e-07 	 1.3802095103e-01 	1.0132500000e+05 	9.0000000183e+02 	1.4383656919e-01 	8.5616342562e-01 	2.8424098695e-12 	7.6768002553e-13 	5.2505803124e-10 	2.8531776853e-12 	4.6413320028e-09 	1.9192929411e-11 	
77 	 7.8000000000e-05 	  1.0000000000e-07 	 8.5295323222e-02 	1.0132500000e+05 	9.0000000087e+02 	2.7431213531e-01 	7.2568785972e-01 	2.1113327855e-12 	5.7025137033e-13 	4.5100612145e-10 	4.7684663253e-12 	4.4895528460e-09 	2.1855878112e-11 	
77 	 7.8000000000e-05 	  1.0000000000e-07 	 2.3029079968e-01 	1.0132500000e+05 	9.0000000327e+02 	5.9266658922e-02 	9.4073333671e-01 	4.1491269410e-12 	1.1205499774e-12 	5.3747828788e-10 	1.5618453048e-12 	3.8165265587e-09 	1.1025853384e-11 	
77 	 7.8000000000e-05 	  1.0000000000e-07 	 1.3802095103e-01 	1.0132500000e+05 	9.0000000186e+02 	1.4383656919e-01 	8.5616342555e-01 	2.8431792203e-12 	7.6788981911e-13 	5.3240387102e-10 	2.8539498597e-12 	4.7038366504e-09 	1.9710945932e-11 	
78 	 7.9000000000e-05 	  1.0000000000e-07 	 8.5295323222e-02 	1.0132500000e+05 	9.0000000089e+02 	2.7431213530e-01 	7.2568785966e-01 	2.1119894954e-12 	5.7043077094e-13 	4.5743732750e-10 	4.7699486530e-12 	4.5503079115e-09 	2.2446316821e-11 	
78 	 7.9000000000e-05 	  1.0000000000e-07 	 2.3029079968e-01 	1.0132500000e+05 	9.0000000331e+02 	5.9266658920e-02 	9.4073333665e-01 	4.1499574233e-12 	1.1207757650e-12 	5.4484968104e-10 	1.5621578977e-12 	3.8670901058e-09 	1.1318792609e-11 	
78 	 7.9000000000e-05 	  1.0000000000e-07 	 1.3802095103e-01 	1.0132500000e+05 	9.0000000189e+02 	1.4383656919e-01 	8.5616342548e-01 	2.8439486592e-12 	7.6809966006e-13 	5.3975171823e-10 	2.8547221233e-12 	4.7663449597e-09 	2.0235885918e-11 	
79 	 8.0000000000e-05 	  1.0000000000e-07 	 8.5295323222e-02 	1.0132500000e+05 	9.0000000090e+02 	2.7431213530e-01 	7.2568785959e-01 	2.1126459166e-12 	5.7061012275e-13 	4.6387055620e-10 	4.7714304218e-12 	4.6110666916e-09 	2.3044683368e-11 	
79 	 8.0000000000e-05 	  1.0000000000e-07 	 2.3029079968e-01 	1.0132500000e+05 	9.0000000336e+02 	5.9266658918e-02 	9.4073333659e-01 	4.1507879903e-12 	1.1210015914e-12 	5.5222255949e-10 	1.5624705227e-12 	3.9176563608e-09 	1.1615585617e-11 	
79 	 8.0000000000e-05 	  1.0000000000e-07 	 1.3802095103e-01 	1.0132500000e+05 	9.0000000192e+02 	1.4383656918e-01 	8.5616342541e-01 	2.8447181869e-12 	7.6830954853e-13 	5.4710157335e-10 	2.8554944765e-12 	4.8288569317e-09 	2.0767749612e-11 	
80 	 8.1000000000e-05 	  1.0000000000e-07 	 8.5295323222e-02 	1.0132500000e+05 	9.0000000092e+02 	2.7431213530e-01 	7.2568785953e-01 	2.1133021009e-12 	5.7078943914e-13 	4.7030580708e-10 	4.7729117357e-12 	4.6718291817e-09 	2.3650978001e-11 	
80 	 8.1000000000e-05 	  1.0000000000e-07 	 2.3029079968e-01 	1.0132500000e+05 	9.0000000341e+02 	5.9266658915e-02 	9.4073333654e-01 	4.1516186423e-12 	1.1212274568e-12 	5.5959692351e-10 	1.5627831799e-12 	3.9682253240e-09 	1.1916232566e-11 	
80 	 8.1000000000e-05 	  1.0000000000e-07 	 1.3802095103e-01 	1.0132500000e+05 	9.0000000195e+02 	1.4383656918e-01 	8.5616342535e-01 	2.8454878039e-12 	7.6851948468e-13 	5.5445343683e-10 	2.8562669198e-12 	4.8913725669e-09 	2.1306537258e-11 	
81 	 8.2000000000e-05 	  1.0000000000e-07 	 8.5295323222e-02 	1.0132500000e+05 	9.0000000093e+02 	2.7431213530e-01 	7.2568785946e-01 	2.1139580927e-12 	5.7096873162e-13 	4.7674307980e-10 	4.7743926840e-12 	4.7325953781e-09 	2.4265200968e-11 	
81 	 8.2000000000e-05 	  1.0000000000e-07 	 2.3029079968e-01 	1.0132500000e+05 	9.0000000346e+02 	5.9266658913e-02 	9.4073333648e-01 	4.1524493797e-12 	1.1214533613e-12 	5.6697277333e-10 	1.5630958693e-12 	4.0187969959e-09 	1.2220733616e-11 	
81 	 8.2000000000e-05 	  1.0000000000e-07 	 1.3802095103e-01 	1.0132500000e+05 	9.0000000198e+02 	1.4383656918e-01 	8.5616342528e-01 	2.8462575107e-12 	7.6872946860e-13 	5.6180730911e-10 	2.8570394536e-12 	4.9538918661e-09 	2.1852249096e-11 	
82 	 8.3000000000e-05 	  1.0000000000e-07 	 8.5295323222e-02 	1.0132500000e+05 	9.0000000095e+02 	2.7431213529e-01 	7.2568785940e-01 	2.1146139305e-12 	5.7114801010e-13 	4.8318237414e-10 	4.7758733436e-12 	4.7933652780e-09 	2.4887352518e-11 	
82 	 8.3000000000e-05 	  1.0000000000e-07 	 2.3029079968e-01 	1.0132500000e+05 	9.0000000351e+02 	5.9266658910e-02 	9.4073333643e-01 	4.1532802026e-12 	1.1216793048e-12 	5.7435010923e-10 	1.5634085911e-12 	4.0693713767e-09 	1.2529088927e-11 	
82 	 8.3000000000e-05 	  1.0000000000e-07 	 1.3802095103e-01 	1.0132500000e+05 	9.0000000201e+02 	1.4383656917e-01 	8.5616342521e-01 	2.8470273076e-12 	7.6893950039e-13 	5.6916319067e-10 	2.8578120781e-12 	5.0164148301e-09 	2.2404885371e-11 	
83 	 8.4000000000e-05 	  1.0000000000e-07 	 8.5295323222e-02 	1.0132500000e+05 	9.0000000097e+02 	2.7431213529e-01 	7.2568785933e-01 	2.1152696471e-12 	5.7132728313e-13 	4.8962369001e-10 	4.7773537807e-12 	4.8541388787e-09 	2.5517432899e-11 	
83 	 8.4000000000e-05 	  1.0000000000e-07 	 2.3029079968e-01 	1.0132500000e+05 	9.0000000356e+02 	5.9266658908e-02 	9.4073333637e-01 	4.1541111114e-12 	1.1219052875e-12 	5.8172893145e-10 	1.5637213452e-12 	4.1199484669e-09 	1.2841298658e-11 	
83 	 8.4000000000e-05 	  1.0000000000e-07 	 1.3802095103e-01 	1.0132500000e+05 	9.0000000204e+02 	1.4383656917e-01 	8.5616342514e-01 	2.8477971950e-12 	7.6914958012e-13 	5.7652108195e-10 	2.8585847936e-12 	5.0789414595e-09 	2.2964446324e-11 	
84 	 8.5000000000e-05 	  1.0000000000e-07 	 8.5295323222e-02 	1.0132500000e+05 	9.0000000098e+02 	2.7431213529e-01 	7.2568785927e-01 	2.1159252709e-12 	5.7150655803e-13 	4.9606702738e-10 	4.7788340524e-12 	4.9149161782e-09 	2.6155442358e-11 	
84 	 8.5000000000e-05 	  1.0000000000e-07 	 2.3029079968e-01 	1.0132500000e+05 	9.0000000360e+02 	5.9266658906e-02 	9.4073333631e-01 	4.1549421061e-12 	1.1221313093e-12 	5.8910924025e-10 	1.5640341317e-12 	4.1705282668e-09 	1.3157362969e-11 	
84 	 8.5000000000e-05 	  1.0000000000e-07 	 1.3802095103e-01 	1.0132500000e+05 	9.0000000207e+02 	1.4383656917e-01 	8.5616342508e-01 	2.8485671730e-12 	7.6935970784e-13 	5.8388098343e-10 	2.8593576002e-12 	5.1414717552e-09 	2.3530932199e-11 	
85 	 8.6000000000e-05 	  1.0000000000e-07 	 8.5295323222e-02 	1.0132500000e+05 	9.0000000100e+02 	2.7431213529e-01 	7.2568785920e-01 	2.1165808265e-12 	5.7168584114e-13 	5.0251238631e-10 	4.7803142076e-12 	4.9756971750e-09 	2.6801381142e-11 	
85 	 8.6000000000e-05 	  1.0000000000e-07 	 2.3029079968e-01 	1.0132500000e+05 	9.0000000365e+02 	5.9266658903e-02 	9.4073333626e-01 	4.1557731868e-12 	1.1223573703e-12 	5.9649103590e-10 	1.5643469507e-12 	4.2211107767e-09 	1.3477282019e-11 	
85 	 8.6000000000e-05 	  1.0000000000e-07 	 1.3802095103e-01 	1.0132500000e+05 	9.0000000210e+02 	1.4383656917e-01 	8.5616342501e-01 	2.8493372418e-12 	7.6956988361e-13 	5.9124289554e-10 	2.8601304982e-12 	5.2040057178e-09 	2.4104343238e-11 	
86 	 8.7000000000e-05 	  1.0000000000e-07 	 8.5295323222e-02 	1.0132500000e+05 	9.0000000101e+02 	2.7431213528e-01 	7.2568785914e-01 	2.1172363347e-12 	5.7186513791e-13 	5.0895976692e-10 	4.7817942887e-12 	5.0364818677e-09 	2.7455249498e-11 	
86 	 8.7000000000e-05 	  1.0000000000e-07 	 2.3029079968e-01 	1.0132500000e+05 	9.0000000370e+02 	5.9266658901e-02 	9.4073333620e-01 	4.1566043537e-12 	1.1225834706e-12 	6.0387431865e-10 	1.5646598021e-12 	4.2716959972e-09 	1.3801055969e-11 	
86 	 8.7000000000e-05 	  1.0000000000e-07 	 1.3802095103e-01 	1.0132500000e+05 	9.0000000213e+02 	1.4383656916e-01 	8.5616342494e-01 	2.8501074016e-12 	7.6978010747e-13 	5.9860681877e-10 	2.8609034876e-12 	5.2665433481e-09 	2.4684679685e-11 	
87 	 8.8000000000e-05 	  1.0000000000e-07 	 8.5295323222e-02 	1.0132500000e+05 	9.0000000103e+02 	2.7431213528e-01 	7.2568785907e-01 	2.1178918138e-12 	5.7204445300e-13 	5.1540916939e-10 	4.7832743319e-12 	5.0972702555e-09 	2.8117047673e-11 	
87 	 8.8000000000e-05 	  1.0000000000e-07 	 2.3029079968e-01 	1.0132500000e+05 	9.0000000375e+02 	5.9266658898e-02 	9.4073333615e-01 	4.1574356068e-12 	1.1228096101e-12 	6.1125908875e-10 	1.5649726861e-12 	4.3222839284e-09 	1.4128684977e-11 	
87 	 8.8000000000e-05 	  1.0000000000e-07 	 1.3802095103e-01 	1.0132500000e+05 	9.0000000216e+02 	1.4383656916e-01 	8.5616342487e-01 	2.8508776525e-12 	7.6999037943e-13 	6.0597275356e-10 	2.8616765685e-12 	5.3290846469e-09 	2.5271941782e-11 	
88 	 8.9000000000e-05 	  1.0000000000e-07 	 8.5295323222e-02 	1.0132500000e+05 	9.0000000105e+02 	2.7431213528e-01 	7.2568785901e-01 	2.1185472793e-12 	5.7222379047e-13 	5.2186059396e-10 	4.7847543687e-12 	5.1580623376e-09 	2.8786775914e-11 	
88 	 8.9000000000e-05 	  1.0000000000e-07 	 2.3029079968e-01 	1.0132500000e+05 	9.0000000380e+02 	5.9266658896e-02 	9.4073333609e-01 	4.1582669463e-12 	1.1230357889e-12 	6.1864534648e-10 	1.5652856025e-12 	4.3728745709e-09 	1.4460169203e-11 	
88 	 8.9000000000e-05 	  1.0000000000e-07 	 1.3802095103e-01 	1.0132500000e+05 	9.0000000219e+02 	1.4383656916e-01 	8.5616342480e-01 	2.8516479946e-12 	7.7020069953e-13 	6.1334070038e-10 	2.8624497410e-12 	5.3916296149e-09 	2.5866129774e-11 	
89 	 9.0000000000e-05 	  1.0000000000e-07 	 8.5295323222e-02 	1.0132500000e+05 	9.0000000106e+02 	2.7431213527e-01 	7.2568785894e-01 	2.1192027447e-12 	5.7240315378e-13 	5.2831404090e-10 	4.7862344258e-12 	5.2188581135e-09 	2.9464434468e-11 	
89 	 9.0000000000e-05 	  1.0000000000e-07 	 2.3029079968e-01 	1.0132500000e+05 	9.0000000385e+02 	5.9266658894e-02 	9.4073333604e-01 	4.1590983721e-12 	1.1232620070e-12 	6.2603309207e-10 	1.5655985515e-12 	4.4234679249e-09 	1.4795508808e-11 	
89 	 9.0000000000e-05 	  1.0000000000e-07 	 1.3802095103e-01 	1.0132500000e+05 	9.0000000222e+02 	1.4383656916e-01 	8.5616342474e-01 	2.8524184280e-12 	7.7041106779e-13 	6.2071065969e-10 	2.8632230051e-12 	5.4541782528e-09 	2.6467243902e-11 	
90 	 9.1000000000e-05 	  1.0000000000e-07 	 8.5295323222e-02 	1.0132500000e+05 	9.0000000108e+02 	2.7431213527e-01 	7.2568785888e-01 	2.1198582214e-12 	5.7258254592e-13 	5.3476951051e-10 	4.7877145266e-12 	5.2796575830e-09 	3.0150023581e-11 	
90 	 9.1000000000e-05 	  1.0000000000e-07 	 2.3029079968e-01 	1.0132500000e+05 	9.0000000390e+02 	5.9266658891e-02 	9.4073333598e-01 	4.1599298842e-12 	1.1234882643e-12 	6.3342232581e-10 	1.5659115330e-12 	4.4740639909e-09 	1.5134703951e-11 	
90 	 9.1000000000e-05 	  1.0000000000e-07 	 1.3802095103e-01 	1.0132500000e+05 	9.0000000224e+02 	1.4383656915e-01 	8.5616342467e-01 	2.8531889527e-12 	7.7062148423e-13 	6.2808263194e-10 	2.8639963610e-12 	5.5167305615e-09 	2.7075284410e-11 	
91 	 9.2000000000e-05 	  1.0000000000e-07 	 8.5295323222e-02 	1.0132500000e+05 	9.0000000109e+02 	2.7431213527e-01 	7.2568785881e-01 	2.1205137195e-12 	5.7276196946e-13 	5.4122700313e-10 	4.7891946910e-12 	5.3404607460e-09 	3.0843543499e-11 	
91 	 9.2000000000e-05 	  1.0000000000e-07 	 2.3029079968e-01 	1.0132500000e+05 	9.0000000394e+02 	5.9266658889e-02 	9.4073333592e-01 	4.1607614829e-12 	1.1237145610e-12 	6.4081304793e-10 	1.5662245471e-12 	4.5246627692e-09 	1.5477754791e-11 	
91 	 9.2000000000e-05 	  1.0000000000e-07 	 1.3802095103e-01 	1.0132500000e+05 	9.0000000227e+02 	1.4383656915e-01 	8.5616342460e-01 	2.8539595689e-12 	7.7083194886e-13 	6.3545661761e-10 	2.8647698087e-12 	5.5792865415e-09 	2.7690251543e-11 	
92 	 9.3000000000e-05 	  1.0000000000e-07 	 8.5295323222e-02 	1.0132500000e+05 	9.0000000111e+02 	2.7431213527e-01 	7.2568785874e-01 	2.1211692475e-12 	5.7294142663e-13 	5.4768651914e-10 	4.7906749361e-12 	5.4012676026e-09 	3.1544994470e-11 	
92 	 9.3000000000e-05 	  1.0000000000e-07 	 2.3029079968e-01 	1.0132500000e+05 	9.0000000399e+02 	5.9266658886e-02 	9.4073333587e-01 	4.1615931679e-12 	1.1239408970e-12 	6.4820525870e-10 	1.5665375937e-12 	4.5752642602e-09 	1.5824661489e-11 	
92 	 9.3000000000e-05 	  1.0000000000e-07 	 1.3802095103e-01 	1.0132500000e+05 	9.0000000230e+02 	1.4383656915e-01 	8.5616342453e-01 	2.8547302764e-12 	7.7104246170e-13 	6.4283261715e-10 	2.8655433482e-12 	5.6418461938e-09 	2.8312145542e-11 	
93 	 9.4000000000e-05 	  1.0000000000e-07 	 8.5295323222e-02 	1.0132500000e+05 	9.0000000113e+02 	2.7431213526e-01 	7.2568785868e-01 	2.1218248128e-12 	5.7312091933e-13 	5.5414805892e-10 	4.7921552768e-12 	5.4620781528e-09 	3.2254376739e-11 	
93 	 9.4000000000e-05 	  1.0000000000e-07 	 2.3029079968e-01 	1.0132500000e+05 	9.0000000404e+02 	5.9266658884e-02 	9.4073333581e-01 	4.1624249395e-12 	1.1241672722e-12 	6.5559895838e-10 	1.5668506729e-12 	4.6258684642e-09 	1.6175424205e-11 	
93 	 9.4000000000e-05 	  1.0000000000e-07 	 1.3802095103e-01 	1.0132500000e+05 	9.0000000233e+02 	1.4383656914e-01 	8.5616342447e-01 	2.8555010755e-12 	7.7125302275e-13 	6.5021063102e-10 	2.8663169795e-12 	5.7044095190e-09 	2.8940966653e-11 	
94 	 9.5000000000e-05 	  1.0000000000e-07 	 8.5295323222e-02 	1.0132500000e+05 	9.0000000114e+02 	2.7431213526e-01 	7.2568785861e-01 	2.1224804216e-12 	5.7330044919e-13 	5.6061162289e-10 	4.7936357258e-12 	5.5228923969e-09 	3.2971690554e-11 	
94 	 9.5000000000e-05 	  1.0000000000e-07 	 2.3029079968e-01 	1.0132500000e+05 	9.0000000409e+02 	5.9266658882e-02 	9.4073333576e-01 	4.1632567975e-12 	1.1243936868e-12 	6.6299414723e-10 	1.5671637846e-12 	4.6764753817e-09 	1.6530043097e-11 	
94 	 9.5000000000e-05 	  1.0000000000e-07 	 1.3802095103e-01 	1.0132500000e+05 	9.0000000236e+02 	1.4383656914e-01 	8.5616342440e-01 	2.8562719660e-12 	7.7146363202e-13 	6.5759065968e-10 	2.8670907027e-12 	5.7669765179e-09 	2.9576715118e-11 	
95 	 9.6000000000e-05 	  1.0000000000e-07 	 8.5295323222e-02 	1.0132500000e+05 	9.0000000116e+02 	2.7431213526e-01 	7.2568785855e-01 	2.1231360796e-12 	5.7348001764e-13 	5.6707721146e-10 	4.7951162942e-12 	5.5837103353e-09 	3.3696936161e-11 	
95 	 9.6000000000e-05 	  1.0000000000e-07 	 2.3029079968e-01 	1.0132500000e+05 	9.0000000414e+02 	5.9266658879e-02 	9.4073333570e-01 	4.1640887421e-12 	1.1246201407e-12 	6.7039082551e-10 	1.5674769290e-12 	4.7270850130e-09 	1.6888518328e-11 	
95 	 9.6000000000e-05 	  1.0000000000e-07 	 1.3802095103e-01 	1.0132500000e+05 	9.0000000239e+02 	1.4383656914e-01 	8.5616342433e-01 	2.8570429481e-12 	7.7167428953e-13 	6.6497270359e-10 	2.8678645178e-12 	5.8295471912e-09 	3.0219391181e-11 	
96 	 9.7000000000e-05 	  1.0000000000e-07 	 8.5295323222e-02 	1.0132500000e+05 	9.0000000117e+02 	2.7431213526e-01 	7.2568785848e-01 	2.1237917913e-12 	5.7365962590e-13 	5.7354482508e-10 	4.7965969912e-12 	5.6445319684e-09 	3.4430113807e-11 	
96 	 9.7000000000e-05 	  1.0000000000e-07 	 2.3029079968e-01 	1.0132500000e+05 	9.0000000419e+02 	5.9266658877e-02 	9.4073333564e-01 	4.1649207732e-12 	1.1248466340e-12 	6.7778899347e-10 	1.5677901059e-12 	4.7776973584e-09 	1.7250850055e-11 	
96 	 9.7000000000e-05 	  1.0000000000e-07 	 1.3802095103e-01 	1.0132500000e+05 	9.0000000242e+02 	1.4383656914e-01 	8.5616342426e-01 	2.8578140218e-12 	7.7188499527e-13 	6.7235676323e-10 	2.8686384249e-12 	5.8921215397e-09 	3.0868995087e-11 	
97 	 9.8000000000e-05 	  1.0000000000e-07 	 8.5295323222e-02 	1.0132500000e+05 	9.0000000119e+02 	2.7431213525e-01 	7.2568785842e-01 	2.1244475609e-12 	5.7383927501e-13 	5.8001446422e-10 	4.7980778252e-12 	5.7053572968e-09 	3.5171223739e-11 	
97 	 9.8000000000e-05 	  1.0000000000e-07 	 2.3029079968e-01 	1.0132500000e+05 	9.0000000424e+02 	5.9266658875e-02 	9.4073333559e-01 	4.1657528908e-12 	1.1250731666e-12 	6.8518865137e-10 	1.5681033154e-12 	4.8283124184e-09 	1.7617038440e-11 	
97 	 9.8000000000e-05 	  1.0000000000e-07 	 1.3802095103e-01 	1.0132500000e+05 	9.0000000245e+02 	1.4383656913e-01 	8.5616342419e-01 	2.8585851870e-12 	7.7209574927e-13 	6.7974283904e-10 	2.8694124238e-12 	5.9546995642e-09 	3.1525527078e-11 	
98 	 9.9000000000e-05 	  1.0000000000e-07 	 8.5295323222e-02 	1.0132500000e+05 	9.0000000121e+02 	2.7431213525e-01 	7.2568785835e-01 	2.1251033918e-12 	5.7401896588e-13 	5.8648612932e-10 	4.7995588030e-12 	5.7661863209e-09 	3.5920266203e-11 	
98 	 9.9000000000e-05 	  1.0000000000e-07 	 2.3029079968e-01 	1.0132500000e+05 	9.0000000428e+02 	5.9266658872e-02 	9.4073333553e-01 	4.1665850950e-12 	1.1252997385e-12 	6.9258979948e-10 	1.5684165574e-12 	4.8789301934e-09 	1.7987083642e-11 	
98 	 9.9000000000e-05 	  1.0000000000e-07 	 1.3802095103e-01 	1.0132500000e+05 	9.0000000248e+02 	1.4383656913e-01 	8.5616342413e-01 	2.8593564439e-12 	7.7230655151e-13 	6.8713093149e-10 	2.8701865148e-12 	6.0172812653e-09 	3.2188987400e-11 	
99 	 1.0000000000e-04 	  1.0000000000e-07 	 8.5295323222e-02 	1.0132500000e+05 	9.0000000122e+02 	2.7431213525e-01 	7.2568785829e-01 	2.1257592871e-12 	5.7419869928e-13 	5.9295982087e-10 	4.8010399308e-12 	5.8270190414e-09 	3.6677241446e-11 	
99 	 1.0000000000e-04 	  1.0000000000e-07 	 2.3029079968e-01 	1.0132500000e+05 	9.0000000433e+02 	5.9266658870e-02 	9.4073333548e-01 	4.1674173858e-12 	1.1255263498e-12 	6.9999243804e-10 	1.5687298321e-12 	4.9295506836e-09 	1.8360985822e-11 	
99 	 1.0000000000e-04 	  1.0000000000e-07 	 1.3802095103e-01 	1.0132500000e+05 	9.0000000251e+02 	1.4383656913e-01 	8.5616342406e-01 	2.8601277924e-12 	7.7251740201e-13 	6.9452104104e-10 	2.8709606977e-12 	6.0798666439e-09 	3.2859376296e-11 	
