1112.57988313131
1162.30403930281
1235.36697746385
1352.17545099385
1553.59879079746
1894.03335742451
2345.7493369059
2620.81272925655
2757.07763603006
2907.48121431129
3076.32272404684
3231.74674082989
3364.331635942
3444.32285337437
3518.78394810377
3591.07858501428
3626.21729479063
3636.86255993883
3641.31905357643
3638.98915438162
0.000394226720755117
0.000831963328783339
0.00133898564956657
0.00190618548210089
0.00246180562558155
0.00283891495947559
0.0028272209877759
0.00249991502873256
0.00254804786099533
0.00281372055830952
0.0031385761246113
0.00347108838177672
0.00380937583600794
0.00414943316155327
0.00449810663591161
0.00484197858165729
0.00515334171636775
0.00541295774478886
0.00560158103594016
0.00569934012871225
1.06045385718799e-05
2.54869429769755e-05
5.11471343833222e-05
9.93040684182107e-05
0.000190965754404088
0.000354205164183595
0.000593130773854573
0.000852968514366709
0.00100297884863389
0.00113190564075954
0.00124690201571672
0.00136367733587345
0.00148931829375943
0.00162487830010321
0.0017602506099781
0.00188643062520701
0.00199551917376952
0.00207959650921467
0.00213535105990783
0.00216311884523536
2.39648097799864e-05
5.21230927567147e-05
9.98332477622023e-05
0.00020427202735416
0.000476940964140337
0.00124708327896294
0.00314907532970054
0.00644679579382547
0.00924816386155974
0.010249873063538
0.0107589744611226
0.0111553914809161
0.011473212257406
0.0116559062397524
0.0117442418340178
0.0117523217965353
0.0116420321208278
0.0114646325166718
0.011303058969662
0.0112045618676098
0.217784375073976
0.21562168292475
0.210142859360454
0.197443975443695
0.172629561220494
0.134880920236758
0.0930965805908829
0.0571256291742981
0.0413297769810844
0.0331708622497383
0.0282501213922618
0.0248151336002297
0.0220531592097937
0.0197427551801654
0.0176915265777375
0.0159299017768458
0.0145563214836859
0.0135503526462582
0.0128835775838495
0.0125589626008119
3.70661002470936e-05
9.99965962279498e-05
0.00023501696693878
0.000561454402977106
0.00137911164392412
0.00338964884307673
0.00782087160833712
0.0146794051741734
0.0191712506817895
0.0216706646366078
0.0236832552387118
0.0253023325011721
0.0265153464093958
0.0270953782950651
0.0275038328149366
0.0278237022569214
0.0278149110379205
0.0276345764357341
0.0274728255619405
0.0273496535805453
0.00108793025387831
0.00321790767227325
0.00791854313171908
0.0174543476714869
0.0338877680683094
0.0560361125806658
0.0771538824574164
0.091739728142973
0.094027314753668
0.0928999612910074
0.0903014651082981
0.0873677161606667
0.084496260806317
0.0821189507103828
0.0799650219825103
0.0781663548652755
0.0771875313934314
0.076877605556311
0.0768680869448037
0.0769566333159289
4.49596535371721e-05
8.63991900519504e-05
0.000150265135139304
0.000263492009144983
0.000400533423005877
0.000385145679281312
0.000115613726348427
8.78559753979611e-06
9.72138456110316e-06
1.0776138421409e-05
1.38508331003909e-05
1.75954086616846e-05
2.10062708186726e-05
2.22539923015925e-05
2.31971559009814e-05
2.40878640937801e-05
2.3633697030405e-05
2.25956784643219e-05
2.18007612429562e-05
2.12430450987185e-05
3.0368399598261e-07
9.2108142605442e-07
2.21062363966416e-06
4.23582271790439e-06
5.05466901080076e-06
2.02035331025451e-06
2.99182065595736e-06
5.3648789623627e-07
3.1630451639284e-07
3.8580050992693e-07
5.6990222921781e-07
8.2732960552673e-07
1.1025762598905e-06
1.23994396664337e-06
1.36755075547748e-06
1.50326653396106e-06
1.5202322516975e-06
1.47464226334865e-06
1.4374853965668e-06
1.40398924381983e-06
2.24511985e-12
6.193585504e-11
9.6065361425e-10
1.331253794029e-08
1.7674922260551e-07
1.93754907823654e-06
1.17579605879589e-05
2.00175970575023e-05
2.09721731742495e-06
2.259148959038e-08
0
0
0
1.4673036187e-10
3.4429050439e-10
5.9967732394e-10
8.191334819e-10
9.5067730832e-10
1.03088127116e-09
1.04905574978e-09
4.6884208403e-10
5.87032027851e-09
4.484969954799e-08
3.0764495912649e-07
1.9811963265785e-06
1.05567404917926e-05
3.22450786919949e-05
1.92758632330245e-05
2.0410734579601e-07
3.737297179013e-08
5.38112682705e-09
0
0
8.71355949e-12
5.322466155e-11
9.972756074e-11
1.4216389913e-10
1.6901509201e-10
1.8621419161e-10
1.9038944509e-10
1.9877615907453e-07
1.03354343762142e-06
3.86233630593174e-06
1.32780571804937e-05
4.18696372494578e-05
0.000106098858930455
0.00015228376494027
1.57365645508605e-05
0
1.0968667453246e-07
8.2394491481e-09
0
0
0
2.99582288e-11
5.491745426e-11
7.821821194e-11
9.378587469e-11
1.0424369265e-10
1.0709842056e-10
3.063012633452e-08
1.777446219959e-07
7.2100813012002e-07
2.71971132574535e-06
9.55428801955382e-06
2.74046371881122e-05
4.63086479872171e-05
1.04762913458022e-05
7.226757136461e-08
4.026399865865e-08
2.78406277142e-09
0
0
0
3.09958602e-12
6.20784021e-12
8.86376981e-12
1.064345285e-11
1.183895979e-11
1.215637984e-11
0.000355576669631723
0.000784955447441402
0.00142333254681378
0.00243693156346933
0.003817622217039
0.004565245657506
0.00285333549223968
0
5.16493250362247e-06
1.35069729432655e-06
5.336109999667e-08
0
0
0
7.27894643e-12
2.447771722e-11
3.502206458e-11
4.25086763e-11
4.779104177e-11
4.948917459e-11
0.0538813409282489
0.0521553446247103
0.0485604315437955
0.0415393520452438
0.0298718828039697
0.0153257560367569
0.00448605382034866
0.000349000961917396
2.03228209721885e-05
1.01104991597538e-06
1.946857770279e-08
0
0
0
1.5429931e-13
2.24958023e-12
3.2459845e-12
3.9722269e-12
4.50006596e-12
4.68254877e-12
0.000367669241217071
0.00136926754845091
0.0042580473475228
0.0115240814087946
0.0263777049962709
0.0487597506725573
0.0703212707181319
0.0829664541277224
0.0804315755183474
0.0797992792723032
0.081567672329032
0.0860117737819029
0.0927897975269144
0.100884836706856
0.109589168936255
0.117978646247057
0.125070317612695
0.130450488107991
0.134062445903862
0.135863645185617
3.2606938545785e-05
0.000133171736723981
0.000456224043607062
0.00138070477359529
0.00363448442715818
0.00807044270626748
0.0147855121088303
0.0227346944363241
0.03201123140546
0.0392531371893374
0.043384665785204
0.04451846198163
0.0438139319228887
0.0425659864427194
0.041080016410745
0.039602083935556
0.038574768872273
0.0379682433789079
0.0376224383789299
0.0375029832557258
1.7555319251883e-07
1.4408120779966e-06
7.96104663338215e-06
3.63468660550969e-05
0.000134579579166486
0.000338511383927836
0.000414113223434551
9.03271081892866e-05
6.7771199767279e-07
4.9816829633428e-07
2.5822554801996e-07
3.728031209418e-07
6.1987338520058e-07
8.8838693258721e-07
1.24675780105636e-06
1.71526419280173e-06
2.06205065790213e-06
2.25527222532229e-06
2.37556225032063e-06
2.404391687404e-06
0.000100757421197312
0.00031131955852315
0.000721215463549904
0.00134024288870365
0.00193548030302578
0.00198954948249789
0.00122377226905977
0.000110086584462231
2.55053915863952e-06
6.4861715583075e-07
3.452427922166e-08
9.685365497e-11
5.40840568336e-09
9.10700037737e-09
1.359682417188e-08
1.975753943548e-08
2.448864585018e-08
2.721354505714e-08
2.898438713778e-08
2.943082972165e-08
1.356545770979e-08
1.0339760472254e-07
5.6978355228793e-07
2.84392013434225e-06
1.25804653710378e-05
4.07797666519571e-05
6.69731923577634e-05
1.70272745540974e-05
3.0872639656947e-07
6.669372446098e-08
4.90441736764e-09
0
0
0
1.73556565e-12
4.33327201e-12
5.99393184e-12
7.01942383e-12
7.69118417e-12
7.83971429e-12
3.95193867792348e-06
1.13424604526206e-05
2.30679210522915e-05
3.91106421399173e-05
4.54444838190761e-05
2.24709590341962e-05
3.7903487340175e-06
3.5358915418078e-07
1.579262711808e-08
2.91968059343e-09
1.5191248355e-10
0
0
0
7.288439e-14
1.6941835e-13
2.3523287e-13
2.7460508e-13
3.0022826e-13
3.0536786e-13
7.51641060111124e-06
2.52984128884173e-05
6.17253726616364e-05
0.000111185943334296
0.000125764897883643
5.8846757812936e-05
8.5691696635169e-06
4.7578713592265e-07
1.749693080725e-08
2.37296519598e-09
1.2975062582e-10
0
0
0
4.60838e-14
1.1633832e-13
1.6265631e-13
1.9210872e-13
2.1206965e-13
2.1687906e-13
3.1007344e-12
4.542535989e-11
5.650514554e-10
7.29656190501e-09
9.626156503395e-08
1.05030818859069e-06
5.72758097308508e-06
1.84007201659843e-06
0
0
0
0
0
0
0
2.657298e-14
4.569503e-14
5.857651e-14
6.771395e-14
7.040721e-14
1.92683823691495e-06
7.42815232724892e-06
2.39730947893155e-05
6.68241914889785e-05
0.000155467630985865
0.000270797114513577
0.000211943693247627
0
0
0
0
0
0
0
0
1.0067464e-13
1.6712559e-13
2.1344493e-13
2.4748669e-13
2.5895527e-13
3.39971376042e-09
3.703048952887e-08
3.2761152431041e-07
2.57539707970093e-06
1.63085653487859e-05
6.36193901857755e-05
8.43046278568787e-05
0
0
0
0
0
0
0
0
0
1.554e-17
5.741e-17
6.799e-17
7.116e-17
1.29348196333995e-05
4.70171074919617e-05
0.000139911376181814
0.000344771805159033
0.000640783737640858
0.000698972182786959
0.000203332916651004
0
0
0
0
0
0
0
0
0
9e-19
5.25e-18
6.24e-18
6.57e-18
1.57381172897266e-06
6.3165271028084e-06
1.95019703353143e-05
4.91139358709856e-05
9.26922951958303e-05
9.39256040565049e-05
1.97759532468082e-05
0
0
0
0
0
0
0
0
0
0
0
0
0
0.000103062281559672
0.000329070562261263
0.000725491787216262
0.00111318965739218
0.000961901957638599
0.00023262769623633
9.55409930200311e-06
0
0
0
0
0
0
0
0
0
0
0
0
0
7.39418509308e-09
5.786800808447e-08
3.7228056178089e-07
2.06521661532001e-06
9.51978380076014e-06
3.27018885599134e-05
6.25881324502602e-05
1.13225023787229e-05
0
0
0
0
0
0
6.8683769e-13
1.12261818e-12
1.45847977e-12
1.72015341e-12
1.90664807e-12
1.95838162e-12
1.43343492495245e-06
6.30625101702716e-06
2.31780599191967e-05
7.16678289456604e-05
0.000174702687438031
0.000285384818843284
0.000215690647681658
2.99587533829837e-06
0
2.109810930093e-08
6.28643373364e-09
3.6191135034e-10
0
0
0
1.1211603e-13
1.5362726e-13
1.833665e-13
2.0578047e-13
2.1334967e-13
3.60836715888e-09
1.360902224963e-08
4.475097795419e-08
1.4334617700864e-07
4.7375445948145e-07
1.5465564165791e-06
3.63100105934949e-06
2.0762536913043e-07
0
0
0
0
0
0
0
3.76151e-15
6.24388e-15
7.65819e-15
8.61862e-15
8.85968e-15
1.0517589203e-10
4.672805972e-10
1.93730489342e-09
8.54859450039e-09
4.229685898661e-08
2.2439576093559e-07
9.8752440415486e-07
2.20178453977167e-06
1.55587731354728e-06
1.58204726374639e-06
2.55756478788729e-06
4.48999883606161e-06
7.20377157029293e-06
9.87447040015375e-06
1.30210707716006e-05
1.65538955126117e-05
1.89008193198879e-05
1.99852637147584e-05
2.04610253309404e-05
2.04780611003887e-05
1.112386297e-09
3.44215215483e-09
9.49627275024e-09
2.601719638892e-08
7.165477440172e-08
1.9081910571549e-07
4.486601571844e-07
8.113225881498e-07
5.0633068460217e-07
2.6581569547934e-07
2.6093638263646e-07
4.9036181387423e-07
9.1329089914481e-07
1.38630750603176e-06
2.00814966344415e-06
2.78529637954299e-06
3.35299819854445e-06
3.65061143298829e-06
3.80743215855027e-06
3.83399049244756e-06
1.18478992096e-09
3.43669139852e-09
8.51440220436e-09
2.005485393246e-08
4.598153431786e-08
1.0187964492689e-07
2.055831251198e-07
3.3572554856927e-07
2.6460523115899e-07
1.3109925276772e-07
5.287401086321e-08
6.39982276998e-08
1.2855212796739e-07
2.1083163703912e-07
3.2697575762075e-07
4.8019661326975e-07
6.0199634784453e-07
6.7329453524962e-07
7.1430118917524e-07
7.2486040569481e-07
8.7542701317e-10
2.99905374986e-09
8.53820268853e-09
2.120513818888e-08
4.523928021502e-08
8.101408090181e-08
1.1931669199088e-07
1.4463479864596e-07
1.0962444288655e-07
5.589230434915e-08
2.165964013746e-08
2.262824801186e-08
4.397733376118e-08
7.155012443616e-08
1.1016937413256e-07
1.6079366157694e-07
2.0214977299268e-07
2.2787730195409e-07
2.435360210287e-07
2.4839041652029e-07
1.6666615295e-10
4.4352031569e-10
1.01455166953e-09
2.3425818519e-09
5.67004922963e-09
1.393398095284e-08
3.032852261865e-08
4.948000159163e-08
6.0913395975e-08
7.190624059867e-08
8.405170029255e-08
9.871054122635e-08
1.1698006741879e-07
1.3501238054219e-07
1.5558246690276e-07
1.7923296152642e-07
1.9596105824112e-07
2.0508145250351e-07
2.1049426505915e-07
2.1183201964062e-07
4.961021982543e-08
2.1875309865396e-07
8.3882229117153e-07
2.87663601042368e-06
8.68917988100035e-06
2.26464248701146e-05
4.96714596942546e-05
8.99447889825075e-05
0.000173603692892879
0.000312564081616605
0.000556270320262312
0.000934030974200171
0.00143116000507347
0.00198298506050582
0.00254892976759432
0.00305706019238002
0.00340559462586018
0.00358272053109514
0.00364577951947263
0.00365518363771499
1.3636316724e-10
6.057995079e-10
2.22576869291e-09
6.95393477539e-09
1.662575957462e-08
2.44887799026e-08
1.781919927685e-08
1.518848036479e-08
4.036245552936e-08
8.527481614224e-08
1.7393601771568e-07
3.2296081371175e-07
5.2408160247528e-07
7.2745173733028e-07
9.3011666964213e-07
1.1095241090823e-06
1.20661634423547e-06
1.23165414953406e-06
1.22536129122769e-06
1.2108927264618e-06
5.2595860322e-10
1.77315492284e-09
5.09165169622e-09
1.330812495316e-08
3.177581558021e-08
6.907362098109e-08
1.3454298522491e-07
2.3660856517525e-07
4.5608441718718e-07
7.3745109374855e-07
1.20266864746719e-06
1.84685381139462e-06
2.56462178810855e-06
3.01760548372252e-06
3.46296573628745e-06
3.93618684850232e-06
4.09032775856824e-06
4.03510579631957e-06
3.96584012558167e-06
3.88736946491831e-06
3.6573006155e-10
1.06989384893e-09
2.72972986077e-09
6.96617231974e-09
1.832220731177e-08
4.710594767984e-08
1.0443019678573e-07
1.7742407202549e-07
1.258294727812e-07
7.129686352615e-08
8.780053297101e-08
1.8138501058256e-07
3.5417548833256e-07
5.6259435018831e-07
8.3101114614601e-07
1.15043535264882e-06
1.3777195015356e-06
1.48956241185813e-06
1.54059036638259e-06
1.54439037958016e-06
4.068062e-14
7.0887027e-13
1.1357874e-11
1.8255299118e-10
2.71319244067e-09
3.171948839622e-08
2.3332965679726e-07
7.4021563991296e-07
3.6168364537517e-07
1.1171606402763e-07
2.151648709771e-08
3.1716054029e-09
2.76809164095e-09
4.51120511927e-09
8.03550840076e-09
1.357030994481e-08
1.862553947538e-08
2.190596662509e-08
2.387508172877e-08
2.445175798994e-08
2.88235721949e-08
1.3654568730044e-07
5.544624044237e-07
1.94947870426443e-06
5.71688937234448e-06
1.31899608453487e-05
2.19610609960413e-05
2.36680427226868e-05
8.59627597127186e-06
2.20921876428093e-06
3.484051082414e-07
4.156364508649e-08
2.924472642165e-08
4.344757529557e-08
7.313500833278e-08
1.1780220063122e-07
1.5907325516147e-07
1.8757156159914e-07
2.0557960790721e-07
2.1194227458158e-07
1.0463576792e-10
5.8512267227e-10
2.6601691718e-09
1.04543434805e-08
3.437936008649e-08
8.533785858485e-08
1.2105796041205e-07
7.95372740466e-09
2.6204650035e-10
5.62744827e-11
4.78987803e-12
0
0
1.0203057e-13
2.3497767e-13
3.7863686e-13
5.1971413e-13
6.2817104e-13
7.0057322e-13
7.3088183e-13
1.123994121e-11
1.0960548636e-10
6.6255314374e-10
3.25768245692e-09
1.200067672144e-08
2.405458857132e-08
1.823626730943e-08
4.28683759169e-09
1.894861587e-11
1.137058378e-11
1.89578135e-12
0
0
0
1.881128e-14
4.066336e-14
6.176779e-14
7.474202e-14
8.294467e-14
8.427302e-14
2.3385547232e-10
1.2484501329e-09
5.77374384403e-09
2.327695625574e-08
7.871662991166e-08
2.0742882055779e-07
3.7783563196441e-07
4.3723031692794e-07
2.1963725154781e-07
1.1517905732023e-07
4.79322694942e-08
1.575119406875e-08
5.3232432053e-09
1.93295175903e-09
7.5874296876e-10
3.9281199234e-10
2.6255388442e-10
2.2350524727e-10
2.0896044183e-10
2.0330963657e-10
2.757772273e-11
1.2830357722e-10
5.3633798857e-10
2.13159426464e-09
8.25402117078e-09
3.121282787328e-08
1.0579010382384e-07
2.2950938645362e-07
1.0964663889399e-07
3.219206253504e-08
5.7949989659e-09
7.8607651416e-10
7.7295009261e-10
1.15764679198e-09
1.89199162602e-09
2.97494079426e-09
3.86051165612e-09
4.36613200394e-09
4.64805207276e-09
4.7080954093e-09
1.96816614747e-09
1.051236173834e-08
4.861150782566e-08
1.9528740164483e-07
6.5692666703216e-07
1.76068722003178e-06
3.60592790844718e-06
5.63763997954514e-06
4.01681300441836e-06
1.41783994666462e-06
2.2812790737201e-07
2.880604962285e-08
3.785337979973e-08
5.456244511166e-08
8.32570551832e-08
1.2301768779786e-07
1.5507078619206e-07
1.7395859728926e-07
1.8469855745203e-07
1.875343082495e-07
1.7432427088e-10
8.2206841582e-10
3.73464116328e-09
1.737921175274e-08
8.122628702332e-08
3.5133841550539e-07
1.22146304197162e-06
2.72557619873699e-06
1.57354517312942e-06
4.5641441414798e-07
7.801374100666e-08
1.330501067663e-08
1.625080540835e-08
2.482912648108e-08
3.913545595807e-08
5.898444293323e-08
7.454508822394e-08
8.30355277064e-08
8.75198878387e-08
8.833168139513e-08
0.713758736472511
0.713758570971751
0.713757982373334
0.71375612423567
0.713751125215445
0.713740107370946
0.713721204403924
0.713698522865375
0.713669539007311
0.713609976495948
0.713497031020225
0.713318426938371
0.713082096833106
0.712820105897492
0.712550243336178
0.712306368262821
0.712139716613356
0.712055985030154
0.712026690507443
0.712022996831504
0.0126448189573703
0.0126448189573703
0.0126448189573703
0.0126448189573703
0.0126448189573703
0.0126448189573703
0.0126448189573703
0.0126448189573703
0.0126448189573703
0.0126448189573703
0.0126448189573703
0.0126448189573703
0.0126448189573703
0.0126448189573703
0.0126448189573703
0.0126448189573703
0.0126448189573703
0.0126448189573703
0.0126448189573703
0.0126448189573703
4.48568253971e-09
3.22553912591e-08
1.6483302536378e-07
6.0501129037684e-07
1.46715189483551e-06
1.69557948472534e-06
1.9362367961082e-07
2.03797849816e-09
6.484985709e-11
1.16583141e-12
1.770866e-14
2.3554e-16
2.76e-18
3e-20
0
0
0
0
0
0
4.8424466312556e-07
2.06646217379897e-06
6.29543702381089e-06
1.25794053445446e-05
1.1967740019232e-05
1.22402382417631e-06
1.1504816929616e-07
1.75902740048e-09
1.561778321e-11
1.2585784e-13
1.03277e-15
9.11e-18
9e-20
0
0
0
0
0
0
0
1.0603491648707e-07
5.145483277603e-07
1.96286869291677e-06
5.90193689347603e-06
1.23387405438585e-05
1.47270777707261e-05
8.17506924121923e-06
0
0
0
0
0
0
0
0
0
0
1.565e-17
1.892e-17
1.946e-17
2.3984917476229e-06
8.20742290614801e-06
2.28737059011303e-05
5.34560707558934e-05
9.86887955362258e-05
0.000122925514413913
6.91649476563969e-05
0
0
0
0
0
0
0
0
0
0
0
4.3e-19
5.9e-19
1e-08
12.4365363
0
-0.0261461810383641
-0.0252639724436182
-0.0217045831415655
-0.00809876434268303
0.0374423307926938
0.167820469767561
0.485423020104371
1.12231166168719
2.0832185220965
3.04350789281195
3.56971115646023
3.63506624717109
3.61299946045445
3.57224507429258
3.51642528438029
3.44255339263083
3.35940090991293
3.27438422202981
3.18896417403091
3.10508581010524
0
0
1~1112.57988313131
1162.30403930281
1235.36697746385
1352.17545099385
1553.59879079746
1894.03335742451
2345.7493369059
2620.81272925655
2757.07763603006
2907.48121431129
3076.32272404684
3231.74674082989
3364.331635942
3444.32285337437
3518.78394810377
3591.07858501428
3626.21729479063
3636.86255993883
3641.31905357643
3638.98915438162
0.000394226720755117
0.000831963328783339
0.00133898564956657
0.00190618548210089
0.00246180562558155
0.00283891495947559
0.0028272209877759
0.00249991502873256
0.00254804786099533
0.00281372055830952
0.0031385761246113
0.00347108838177672
0.00380937583600794
0.00414943316155327
0.00449810663591161
0.00484197858165729
0.00515334171636775
0.00541295774478886
0.00560158103594016
0.00569934012871225
1.06045385718799e-05
2.54869429769755e-05
5.11471343833222e-05
9.93040684182107e-05
0.000190965754404088
0.000354205164183595
0.000593130773854573
0.000852968514366709
0.00100297884863389
0.00113190564075954
0.00124690201571672
0.00136367733587345
0.00148931829375943
0.00162487830010321
0.0017602506099781
0.00188643062520701
0.00199551917376952
0.00207959650921467
0.00213535105990783
0.00216311884523536
2.39648097799864e-05
5.21230927567147e-05
9.98332477622023e-05
0.00020427202735416
0.000476940964140337
0.00124708327896294
0.00314907532970054
0.00644679579382547
0.00924816386155974
0.010249873063538
0.0107589744611226
0.0111553914809161
0.011473212257406
0.0116559062397524
0.0117442418340178
0.0117523217965353
0.0116420321208278
0.0114646325166718
0.011303058969662
0.0112045618676098
0.217784375073976
0.21562168292475
0.210142859360454
0.197443975443695
0.172629561220494
0.134880920236758
0.0930965805908829
0.0571256291742981
0.0413297769810844
0.0331708622497383
0.0282501213922618
0.0248151336002297
0.0220531592097937
0.0197427551801654
0.0176915265777375
0.0159299017768458
0.0145563214836859
0.0135503526462582
0.0128835775838495
0.0125589626008119
3.70661002470936e-05
9.99965962279498e-05
0.00023501696693878
0.000561454402977106
0.00137911164392412
0.00338964884307673
0.00782087160833712
0.0146794051741734
0.0191712506817895
0.0216706646366078
0.0236832552387118
0.0253023325011721
0.0265153464093958
0.0270953782950651
0.0275038328149366
0.0278237022569214
0.0278149110379205
0.0276345764357341
0.0274728255619405
0.0273496535805453
0.00108793025387831
0.00321790767227325
0.00791854313171908
0.0174543476714869
0.0338877680683094
0.0560361125806658
0.0771538824574164
0.091739728142973
0.094027314753668
0.0928999612910074
0.0903014651082981
0.0873677161606667
0.084496260806317
0.0821189507103828
0.0799650219825103
0.0781663548652755
0.0771875313934314
0.076877605556311
0.0768680869448037
0.0769566333159289
4.49596535371721e-05
8.63991900519504e-05
0.000150265135139304
0.000263492009144983
0.000400533423005877
0.000385145679281312
0.000115613726348427
8.78559753979611e-06
9.72138456110316e-06
1.0776138421409e-05
1.38508331003909e-05
1.75954086616846e-05
2.10062708186726e-05
2.22539923015925e-05
2.31971559009814e-05
2.40878640937801e-05
2.3633697030405e-05
2.25956784643219e-05
2.18007612429562e-05
2.12430450987185e-05
3.0368399598261e-07
9.2108142605442e-07
2.21062363966416e-06
4.23582271790439e-06
5.05466901080076e-06
2.02035331025451e-06
2.99182065595736e-06
5.3648789623627e-07
3.1630451639284e-07
3.8580050992693e-07
5.6990222921781e-07
8.2732960552673e-07
1.1025762598905e-06
1.23994396664337e-06
1.36755075547748e-06
1.50326653396106e-06
1.5202322516975e-06
1.47464226334865e-06
1.4374853965668e-06
1.40398924381983e-06
2.24511985e-12
6.193585504e-11
9.6065361425e-10
1.331253794029e-08
1.7674922260551e-07
1.93754907823654e-06
1.17579605879589e-05
2.00175970575023e-05
2.09721731742495e-06
2.259148959038e-08
0
0
0
1.4673036187e-10
3.4429050439e-10
5.9967732394e-10
8.191334819e-10
9.5067730832e-10
1.03088127116e-09
1.04905574978e-09
4.6884208403e-10
5.87032027851e-09
4.484969954799e-08
3.0764495912649e-07
1.9811963265785e-06
1.05567404917926e-05
3.22450786919949e-05
1.92758632330245e-05
2.0410734579601e-07
3.737297179013e-08
5.38112682705e-09
0
0
8.71355949e-12
5.322466155e-11
9.972756074e-11
1.4216389913e-10
1.6901509201e-10
1.8621419161e-10
1.9038944509e-10
1.9877615907453e-07
1.03354343762142e-06
3.86233630593174e-06
1.32780571804937e-05
4.18696372494578e-05
0.000106098858930455
0.00015228376494027
1.57365645508605e-05
0
1.0968667453246e-07
8.2394491481e-09
0
0
0
2.99582288e-11
5.491745426e-11
7.821821194e-11
9.378587469e-11
1.0424369265e-10
1.0709842056e-10
3.063012633452e-08
1.777446219959e-07
7.2100813012002e-07
2.71971132574535e-06
9.55428801955382e-06
2.74046371881122e-05
4.63086479872171e-05
1.04762913458022e-05
7.226757136461e-08
4.026399865865e-08
2.78406277142e-09
0
0
0
3.09958602e-12
6.20784021e-12
8.86376981e-12
1.064345285e-11
1.183895979e-11
1.215637984e-11
0.000355576669631723
0.000784955447441402
0.00142333254681378
0.00243693156346933
0.003817622217039
0.004565245657506
0.00285333549223968
0
5.16493250362247e-06
1.35069729432655e-06
5.336109999667e-08
0
0
0
7.27894643e-12
2.447771722e-11
3.502206458e-11
4.25086763e-11
4.779104177e-11
4.948917459e-11
0.0538813409282489
0.0521553446247103
0.0485604315437955
0.0415393520452438
0.0298718828039697
0.0153257560367569
0.00448605382034866
0.000349000961917396
2.03228209721885e-05
1.01104991597538e-06
1.946857770279e-08
0
0
0
1.5429931e-13
2.24958023e-12
3.2459845e-12
3.9722269e-12
4.50006596e-12
4.68254877e-12
0.000367669241217071
0.00136926754845091
0.0042580473475228
0.0115240814087946
0.0263777049962709
0.0487597506725573
0.0703212707181319
0.0829664541277224
0.0804315755183474
0.0797992792723032
0.081567672329032
0.0860117737819029
0.0927897975269144
0.100884836706856
0.109589168936255
0.117978646247057
0.125070317612695
0.130450488107991
0.134062445903862
0.135863645185617
3.2606938545785e-05
0.000133171736723981
0.000456224043607062
0.00138070477359529
0.00363448442715818
0.00807044270626748
0.0147855121088303
0.0227346944363241
0.03201123140546
0.0392531371893374
0.043384665785204
0.04451846198163
0.0438139319228887
0.0425659864427194
0.041080016410745
0.039602083935556
0.038574768872273
0.0379682433789079
0.0376224383789299
0.0375029832557258
1.7555319251883e-07
1.4408120779966e-06
7.96104663338215e-06
3.63468660550969e-05
0.000134579579166486
0.000338511383927836
0.000414113223434551
9.03271081892866e-05
6.7771199767279e-07
4.9816829633428e-07
2.5822554801996e-07
3.728031209418e-07
6.1987338520058e-07
8.8838693258721e-07
1.24675780105636e-06
1.71526419280173e-06
2.06205065790213e-06
2.25527222532229e-06
2.37556225032063e-06
2.404391687404e-06
0.000100757421197312
0.00031131955852315
0.000721215463549904
0.00134024288870365
0.00193548030302578
0.00198954948249789
0.00122377226905977
0.000110086584462231
2.55053915863952e-06
6.4861715583075e-07
3.452427922166e-08
9.685365497e-11
5.40840568336e-09
9.10700037737e-09
1.359682417188e-08
1.975753943548e-08
2.448864585018e-08
2.721354505714e-08
2.898438713778e-08
2.943082972165e-08
1.356545770979e-08
1.0339760472254e-07
5.6978355228793e-07
2.84392013434225e-06
1.25804653710378e-05
4.07797666519571e-05
6.69731923577634e-05
1.70272745540974e-05
3.0872639656947e-07
6.669372446098e-08
4.90441736764e-09
0
0
0
1.73556565e-12
4.33327201e-12
5.99393184e-12
7.01942383e-12
7.69118417e-12
7.83971429e-12
3.95193867792348e-06
1.13424604526206e-05
2.30679210522915e-05
3.91106421399173e-05
4.54444838190761e-05
2.24709590341962e-05
3.7903487340175e-06
3.5358915418078e-07
1.579262711808e-08
2.91968059343e-09
1.5191248355e-10
0
0
0
7.288439e-14
1.6941835e-13
2.3523287e-13
2.7460508e-13
3.0022826e-13
3.0536786e-13
7.51641060111124e-06
2.52984128884173e-05
6.17253726616364e-05
0.000111185943334296
0.000125764897883643
5.8846757812936e-05
8.5691696635169e-06
4.7578713592265e-07
1.749693080725e-08
2.37296519598e-09
1.2975062582e-10
0
0
0
4.60838e-14
1.1633832e-13
1.6265631e-13
1.9210872e-13
2.1206965e-13
2.1687906e-13
3.1007344e-12
4.542535989e-11
5.650514554e-10
7.29656190501e-09
9.626156503395e-08
1.05030818859069e-06
5.72758097308508e-06
1.84007201659843e-06
0
0
0
0
0
0
0
2.657298e-14
4.569503e-14
5.857651e-14
6.771395e-14
7.040721e-14
1.92683823691495e-06
7.42815232724892e-06
2.39730947893155e-05
6.68241914889785e-05
0.000155467630985865
0.000270797114513577
0.000211943693247627
0
0
0
0
0
0
0
0
1.0067464e-13
1.6712559e-13
2.1344493e-13
2.4748669e-13
2.5895527e-13
3.39971376042e-09
3.703048952887e-08
3.2761152431041e-07
2.57539707970093e-06
1.63085653487859e-05
6.36193901857755e-05
8.43046278568787e-05
0
0
0
0
0
0
0
0
0
1.554e-17
5.741e-17
6.799e-17
7.116e-17
1.29348196333995e-05
4.70171074919617e-05
0.000139911376181814
0.000344771805159033
0.000640783737640858
0.000698972182786959
0.000203332916651004
0
0
0
0
0
0
0
0
0
9e-19
5.25e-18
6.24e-18
6.57e-18
1.57381172897266e-06
6.3165271028084e-06
1.95019703353143e-05
4.91139358709856e-05
9.26922951958303e-05
9.39256040565049e-05
1.97759532468082e-05
0
0
0
0
0
0
0
0
0
0
0
0
0
0.000103062281559672
0.000329070562261263
0.000725491787216262
0.00111318965739218
0.000961901957638599
0.00023262769623633
9.55409930200311e-06
0
0
0
0
0
0
0
0
0
0
0
0
0
7.39418509308e-09
5.786800808447e-08
3.7228056178089e-07
2.06521661532001e-06
9.51978380076014e-06
3.27018885599134e-05
6.25881324502602e-05
1.13225023787229e-05
0
0
0
0
0
0
6.8683769e-13
1.12261818e-12
1.45847977e-12
1.72015341e-12
1.90664807e-12
1.95838162e-12
1.43343492495245e-06
6.30625101702716e-06
2.31780599191967e-05
7.16678289456604e-05
0.000174702687438031
0.000285384818843284
0.000215690647681658
2.99587533829837e-06
0
2.109810930093e-08
6.28643373364e-09
3.6191135034e-10
0
0
0
1.1211603e-13
1.5362726e-13
1.833665e-13
2.0578047e-13
2.1334967e-13
3.60836715888e-09
1.360902224963e-08
4.475097795419e-08
1.4334617700864e-07
4.7375445948145e-07
1.5465564165791e-06
3.63100105934949e-06
2.0762536913043e-07
0
0
0
0
0
0
0
3.76151e-15
6.24388e-15
7.65819e-15
8.61862e-15
8.85968e-15
1.0517589203e-10
4.672805972e-10
1.93730489342e-09
8.54859450039e-09
4.229685898661e-08
2.2439576093559e-07
9.8752440415486e-07
2.20178453977167e-06
1.55587731354728e-06
1.58204726374639e-06
2.55756478788729e-06
4.48999883606161e-06
7.20377157029293e-06
9.87447040015375e-06
1.30210707716006e-05
1.65538955126117e-05
1.89008193198879e-05
1.99852637147584e-05
2.04610253309404e-05
2.04780611003887e-05
1.112386297e-09
3.44215215483e-09
9.49627275024e-09
2.601719638892e-08
7.165477440172e-08
1.9081910571549e-07
4.486601571844e-07
8.113225881498e-07
5.0633068460217e-07
2.6581569547934e-07
2.6093638263646e-07
4.9036181387423e-07
9.1329089914481e-07
1.38630750603176e-06
2.00814966344415e-06
2.78529637954299e-06
3.35299819854445e-06
3.65061143298829e-06
3.80743215855027e-06
3.83399049244756e-06
1.18478992096e-09
3.43669139852e-09
8.51440220436e-09
2.005485393246e-08
4.598153431786e-08
1.0187964492689e-07
2.055831251198e-07
3.3572554856927e-07
2.6460523115899e-07
1.3109925276772e-07
5.287401086321e-08
6.39982276998e-08
1.2855212796739e-07
2.1083163703912e-07
3.2697575762075e-07
4.8019661326975e-07
6.0199634784453e-07
6.7329453524962e-07
7.1430118917524e-07
7.2486040569481e-07
8.7542701317e-10
2.99905374986e-09
8.53820268853e-09
2.120513818888e-08
4.523928021502e-08
8.101408090181e-08
1.1931669199088e-07
1.4463479864596e-07
1.0962444288655e-07
5.589230434915e-08
2.165964013746e-08
2.262824801186e-08
4.397733376118e-08
7.155012443616e-08
1.1016937413256e-07
1.6079366157694e-07
2.0214977299268e-07
2.2787730195409e-07
2.435360210287e-07
2.4839041652029e-07
1.6666615295e-10
4.4352031569e-10
1.01455166953e-09
2.3425818519e-09
5.67004922963e-09
1.393398095284e-08
3.032852261865e-08
4.948000159163e-08
6.0913395975e-08
7.190624059867e-08
8.405170029255e-08
9.871054122635e-08
1.1698006741879e-07
1.3501238054219e-07
1.5558246690276e-07
1.7923296152642e-07
1.9596105824112e-07
2.0508145250351e-07
2.1049426505915e-07
2.1183201964062e-07
4.961021982543e-08
2.1875309865396e-07
8.3882229117153e-07
2.87663601042368e-06
8.68917988100035e-06
2.26464248701146e-05
4.96714596942546e-05
8.99447889825075e-05
0.000173603692892879
0.000312564081616605
0.000556270320262312
0.000934030974200171
0.00143116000507347
0.00198298506050582
0.00254892976759432
0.00305706019238002
0.00340559462586018
0.00358272053109514
0.00364577951947263
0.00365518363771499
1.3636316724e-10
6.057995079e-10
2.22576869291e-09
6.95393477539e-09
1.662575957462e-08
2.44887799026e-08
1.781919927685e-08
1.518848036479e-08
4.036245552936e-08
8.527481614224e-08
1.7393601771568e-07
3.2296081371175e-07
5.2408160247528e-07
7.2745173733028e-07
9.3011666964213e-07
1.1095241090823e-06
1.20661634423547e-06
1.23165414953406e-06
1.22536129122769e-06
1.2108927264618e-06
5.2595860322e-10
1.77315492284e-09
5.09165169622e-09
1.330812495316e-08
3.177581558021e-08
6.907362098109e-08
1.3454298522491e-07
2.3660856517525e-07
4.5608441718718e-07
7.3745109374855e-07
1.20266864746719e-06
1.84685381139462e-06
2.56462178810855e-06
3.01760548372252e-06
3.46296573628745e-06
3.93618684850232e-06
4.09032775856824e-06
4.03510579631957e-06
3.96584012558167e-06
3.88736946491831e-06
3.6573006155e-10
1.06989384893e-09
2.72972986077e-09
6.96617231974e-09
1.832220731177e-08
4.710594767984e-08
1.0443019678573e-07
1.7742407202549e-07
1.258294727812e-07
7.129686352615e-08
8.780053297101e-08
1.8138501058256e-07
3.5417548833256e-07
5.6259435018831e-07
8.3101114614601e-07
1.15043535264882e-06
1.3777195015356e-06
1.48956241185813e-06
1.54059036638259e-06
1.54439037958016e-06
4.068062e-14
7.0887027e-13
1.1357874e-11
1.8255299118e-10
2.71319244067e-09
3.171948839622e-08
2.3332965679726e-07
7.4021563991296e-07
3.6168364537517e-07
1.1171606402763e-07
2.151648709771e-08
3.1716054029e-09
2.76809164095e-09
4.51120511927e-09
8.03550840076e-09
1.357030994481e-08
1.862553947538e-08
2.190596662509e-08
2.387508172877e-08
2.445175798994e-08
2.88235721949e-08
1.3654568730044e-07
5.544624044237e-07
1.94947870426443e-06
5.71688937234448e-06
1.31899608453487e-05
2.19610609960413e-05
2.36680427226868e-05
8.59627597127186e-06
2.20921876428093e-06
3.484051082414e-07
4.156364508649e-08
2.924472642165e-08
4.344757529557e-08
7.313500833278e-08
1.1780220063122e-07
1.5907325516147e-07
1.8757156159914e-07
2.0557960790721e-07
2.1194227458158e-07
1.0463576792e-10
5.8512267227e-10
2.6601691718e-09
1.04543434805e-08
3.437936008649e-08
8.533785858485e-08
1.2105796041205e-07
7.95372740466e-09
2.6204650035e-10
5.62744827e-11
4.78987803e-12
0
0
1.0203057e-13
2.3497767e-13
3.7863686e-13
5.1971413e-13
6.2817104e-13
7.0057322e-13
7.3088183e-13
1.123994121e-11
1.0960548636e-10
6.6255314374e-10
3.25768245692e-09
1.200067672144e-08
2.405458857132e-08
1.823626730943e-08
4.28683759169e-09
1.894861587e-11
1.137058378e-11
1.89578135e-12
0
0
0
1.881128e-14
4.066336e-14
6.176779e-14
7.474202e-14
8.294467e-14
8.427302e-14
2.3385547232e-10
1.2484501329e-09
5.77374384403e-09
2.327695625574e-08
7.871662991166e-08
2.0742882055779e-07
3.7783563196441e-07
4.3723031692794e-07
2.1963725154781e-07
1.1517905732023e-07
4.79322694942e-08
1.575119406875e-08
5.3232432053e-09
1.93295175903e-09
7.5874296876e-10
3.9281199234e-10
2.6255388442e-10
2.2350524727e-10
2.0896044183e-10
2.0330963657e-10
2.757772273e-11
1.2830357722e-10
5.3633798857e-10
2.13159426464e-09
8.25402117078e-09
3.121282787328e-08
1.0579010382384e-07
2.2950938645362e-07
1.0964663889399e-07
3.219206253504e-08
5.7949989659e-09
7.8607651416e-10
7.7295009261e-10
1.15764679198e-09
1.89199162602e-09
2.97494079426e-09
3.86051165612e-09
4.36613200394e-09
4.64805207276e-09
4.7080954093e-09
1.96816614747e-09
1.051236173834e-08
4.861150782566e-08
1.9528740164483e-07
6.5692666703216e-07
1.76068722003178e-06
3.60592790844718e-06
5.63763997954514e-06
4.01681300441836e-06
1.41783994666462e-06
2.2812790737201e-07
2.880604962285e-08
3.785337979973e-08
5.456244511166e-08
8.32570551832e-08
1.2301768779786e-07
1.5507078619206e-07
1.7395859728926e-07
1.8469855745203e-07
1.875343082495e-07
1.7432427088e-10
8.2206841582e-10
3.73464116328e-09
1.737921175274e-08
8.122628702332e-08
3.5133841550539e-07
1.22146304197162e-06
2.72557619873699e-06
1.57354517312942e-06
4.5641441414798e-07
7.801374100666e-08
1.330501067663e-08
1.625080540835e-08
2.482912648108e-08
3.913545595807e-08
5.898444293323e-08
7.454508822394e-08
8.30355277064e-08
8.75198878387e-08
8.833168139513e-08
0.713758736472511
0.713758570971751
0.713757982373334
0.71375612423567
0.713751125215445
0.713740107370946
0.713721204403924
0.713698522865375
0.713669539007311
0.713609976495948
0.713497031020225
0.713318426938371
0.713082096833106
0.712820105897492
0.712550243336178
0.712306368262821
0.712139716613356
0.712055985030154
0.712026690507443
0.712022996831504
0.0126448189573703
0.0126448189573703
0.0126448189573703
0.0126448189573703
0.0126448189573703
0.0126448189573703
0.0126448189573703
0.0126448189573703
0.0126448189573703
0.0126448189573703
0.0126448189573703
0.0126448189573703
0.0126448189573703
0.0126448189573703
0.0126448189573703
0.0126448189573703
0.0126448189573703
0.0126448189573703
0.0126448189573703
0.0126448189573703
4.48568253971e-09
3.22553912591e-08
1.6483302536378e-07
6.0501129037684e-07
1.46715189483551e-06
1.69557948472534e-06
1.9362367961082e-07
2.03797849816e-09
6.484985709e-11
1.16583141e-12
1.770866e-14
2.3554e-16
2.76e-18
3e-20
0
0
0
0
0
0
4.8424466312556e-07
2.06646217379897e-06
6.29543702381089e-06
1.25794053445446e-05
1.1967740019232e-05
1.22402382417631e-06
1.1504816929616e-07
1.75902740048e-09
1.561778321e-11
1.2585784e-13
1.03277e-15
9.11e-18
9e-20
0
0
0
0
0
0
0
1.0603491648707e-07
5.145483277603e-07
1.96286869291677e-06
5.90193689347603e-06
1.23387405438585e-05
1.47270777707261e-05
8.17506924121923e-06
0
0
0
0
0
0
0
0
0
0
1.565e-17
1.892e-17
1.946e-17
2.3984917476229e-06
8.20742290614801e-06
2.28737059011303e-05
5.34560707558934e-05
9.86887955362258e-05
0.000122925514413913
6.91649476563969e-05
0
0
0
0
0
0
0
0
0
0
0
4.3e-19
5.9e-19
1e-08
12.4365363
0
-0.0261461810383641
-0.0252639724436182
-0.0217045831415655
-0.00809876434268303
0.0374423307926938
0.167820469767561
0.485423020104371
1.12231166168719
2.0832185220965
3.04350789281195
3.56971115646023
3.63506624717109
3.61299946045445
3.57224507429258
3.51642528438029
3.44255339263083
3.35940090991293
3.27438422202981
3.18896417403091
3.10508581010524
0
0
1~1112.57988313131
1162.30403930281
1235.36697746385
1352.17545099385
1553.59879079746
1894.03335742451
2345.7493369059
2620.81272925655
2757.07763603006
2907.48121431129
3076.32272404684
3231.74674082989
3364.331635942
3444.32285337437
3518.78394810377
3591.07858501428
3626.21729479063
3636.86255993883
3641.31905357643
3638.98915438162
0.000394226720755117
0.000831963328783339
0.00133898564956657
0.00190618548210089
0.00246180562558155
0.00283891495947559
0.0028272209877759
0.00249991502873256
0.00254804786099533
0.00281372055830952
0.0031385761246113
0.00347108838177672
0.00380937583600794
0.00414943316155327
0.00449810663591161
0.00484197858165729
0.00515334171636775
0.00541295774478886
0.00560158103594016
0.00569934012871225
1.06045385718799e-05
2.54869429769755e-05
5.11471343833222e-05
9.93040684182107e-05
0.000190965754404088
0.000354205164183595
0.000593130773854573
0.000852968514366709
0.00100297884863389
0.00113190564075954
0.00124690201571672
0.00136367733587345
0.00148931829375943
0.00162487830010321
0.0017602506099781
0.00188643062520701
0.00199551917376952
0.00207959650921467
0.00213535105990783
0.00216311884523536
2.39648097799864e-05
5.21230927567147e-05
9.98332477622023e-05
0.00020427202735416
0.000476940964140337
0.00124708327896294
0.00314907532970054
0.00644679579382547
0.00924816386155974
0.010249873063538
0.0107589744611226
0.0111553914809161
0.011473212257406
0.0116559062397524
0.0117442418340178
0.0117523217965353
0.0116420321208278
0.0114646325166718
0.011303058969662
0.0112045618676098
0.217784375073976
0.21562168292475
0.210142859360454
0.197443975443695
0.172629561220494
0.134880920236758
0.0930965805908829
0.0571256291742981
0.0413297769810844
0.0331708622497383
0.0282501213922618
0.0248151336002297
0.0220531592097937
0.0197427551801654
0.0176915265777375
0.0159299017768458
0.0145563214836859
0.0135503526462582
0.0128835775838495
0.0125589626008119
3.70661002470936e-05
9.99965962279498e-05
0.00023501696693878
0.000561454402977106
0.00137911164392412
0.00338964884307673
0.00782087160833712
0.0146794051741734
0.0191712506817895
0.0216706646366078
0.0236832552387118
0.0253023325011721
0.0265153464093958
0.0270953782950651
0.0275038328149366
0.0278237022569214
0.0278149110379205
0.0276345764357341
0.0274728255619405
0.0273496535805453
0.00108793025387831
0.00321790767227325
0.00791854313171908
0.0174543476714869
0.0338877680683094
0.0560361125806658
0.0771538824574164
0.091739728142973
0.094027314753668
0.0928999612910074
0.0903014651082981
0.0873677161606667
0.084496260806317
0.0821189507103828
0.0799650219825103
0.0781663548652755
0.0771875313934314
0.076877605556311
0.0768680869448037
0.0769566333159289
4.49596535371721e-05
8.63991900519504e-05
0.000150265135139304
0.000263492009144983
0.000400533423005877
0.000385145679281312
0.000115613726348427
8.78559753979611e-06
9.72138456110316e-06
1.0776138421409e-05
1.38508331003909e-05
1.75954086616846e-05
2.10062708186726e-05
2.22539923015925e-05
2.31971559009814e-05
2.40878640937801e-05
2.3633697030405e-05
2.25956784643219e-05
2.18007612429562e-05
2.12430450987185e-05
3.0368399598261e-07
9.2108142605442e-07
2.21062363966416e-06
4.23582271790439e-06
5.05466901080076e-06
2.02035331025451e-06
2.99182065595736e-06
5.3648789623627e-07
3.1630451639284e-07
3.8580050992693e-07
5.6990222921781e-07
8.2732960552673e-07
1.1025762598905e-06
1.23994396664337e-06
1.36755075547748e-06
1.50326653396106e-06
1.5202322516975e-06
1.47464226334865e-06
1.4374853965668e-06
1.40398924381983e-06
2.24511985e-12
6.193585504e-11
9.6065361425e-10
1.331253794029e-08
1.7674922260551e-07
1.93754907823654e-06
1.17579605879589e-05
2.00175970575023e-05
2.09721731742495e-06
2.259148959038e-08
0
0
0
1.4673036187e-10
3.4429050439e-10
5.9967732394e-10
8.191334819e-10
9.5067730832e-10
1.03088127116e-09
1.04905574978e-09
4.6884208403e-10
5.87032027851e-09
4.484969954799e-08
3.0764495912649e-07
1.9811963265785e-06
1.05567404917926e-05
3.22450786919949e-05
1.92758632330245e-05
2.0410734579601e-07
3.737297179013e-08
5.38112682705e-09
0
0
8.71355949e-12
5.322466155e-11
9.972756074e-11
1.4216389913e-10
1.6901509201e-10
1.8621419161e-10
1.9038944509e-10
1.9877615907453e-07
1.03354343762142e-06
3.86233630593174e-06
1.32780571804937e-05
4.18696372494578e-05
0.000106098858930455
0.00015228376494027
1.57365645508605e-05
0
1.0968667453246e-07
8.2394491481e-09
0
0
0
2.99582288e-11
5.491745426e-11
7.821821194e-11
9.378587469e-11
1.0424369265e-10
1.0709842056e-10
3.063012633452e-08
1.777446219959e-07
7.2100813012002e-07
2.71971132574535e-06
9.55428801955382e-06
2.74046371881122e-05
4.63086479872171e-05
1.04762913458022e-05
7.226757136461e-08
4.026399865865e-08
2.78406277142e-09
0
0
0
3.09958602e-12
6.20784021e-12
8.86376981e-12
1.064345285e-11
1.183895979e-11
1.215637984e-11
0.000355576669631723
0.000784955447441402
0.00142333254681378
0.00243693156346933
0.003817622217039
0.004565245657506
0.00285333549223968
0
5.16493250362247e-06
1.35069729432655e-06
5.336109999667e-08
0
0
0
7.27894643e-12
2.447771722e-11
3.502206458e-11
4.25086763e-11
4.779104177e-11
4.948917459e-11
0.0538813409282489
0.0521553446247103
0.0485604315437955
0.0415393520452438
0.0298718828039697
0.0153257560367569
0.00448605382034866
0.000349000961917396
2.03228209721885e-05
1.01104991597538e-06
1.946857770279e-08
0
0
0
1.5429931e-13
2.24958023e-12
3.2459845e-12
3.9722269e-12
4.50006596e-12
4.68254877e-12
0.000367669241217071
0.00136926754845091
0.0042580473475228
0.0115240814087946
0.0263777049962709
0.0487597506725573
0.0703212707181319
0.0829664541277224
0.0804315755183474
0.0797992792723032
0.081567672329032
0.0860117737819029
0.0927897975269144
0.100884836706856
0.109589168936255
0.117978646247057
0.125070317612695
0.130450488107991
0.134062445903862
0.135863645185617
3.2606938545785e-05
0.000133171736723981
0.000456224043607062
0.00138070477359529
0.00363448442715818
0.00807044270626748
0.0147855121088303
0.0227346944363241
0.03201123140546
0.0392531371893374
0.043384665785204
0.04451846198163
0.0438139319228887
0.0425659864427194
0.041080016410745
0.039602083935556
0.038574768872273
0.0379682433789079
0.0376224383789299
0.0375029832557258
1.7555319251883e-07
1.4408120779966e-06
7.96104663338215e-06
3.63468660550969e-05
0.000134579579166486
0.000338511383927836
0.000414113223434551
9.03271081892866e-05
6.7771199767279e-07
4.9816829633428e-07
2.5822554801996e-07
3.728031209418e-07
6.1987338520058e-07
8.8838693258721e-07
1.24675780105636e-06
1.71526419280173e-06
2.06205065790213e-06
2.25527222532229e-06
2.37556225032063e-06
2.404391687404e-06
0.000100757421197312
0.00031131955852315
0.000721215463549904
0.00134024288870365
0.00193548030302578
0.00198954948249789
0.00122377226905977
0.000110086584462231
2.55053915863952e-06
6.4861715583075e-07
3.452427922166e-08
9.685365497e-11
5.40840568336e-09
9.10700037737e-09
1.359682417188e-08
1.975753943548e-08
2.448864585018e-08
2.721354505714e-08
2.898438713778e-08
2.943082972165e-08
1.356545770979e-08
1.0339760472254e-07
5.6978355228793e-07
2.84392013434225e-06
1.25804653710378e-05
4.07797666519571e-05
6.69731923577634e-05
1.70272745540974e-05
3.0872639656947e-07
6.669372446098e-08
4.90441736764e-09
0
0
0
1.73556565e-12
4.33327201e-12
5.99393184e-12
7.01942383e-12
7.69118417e-12
7.83971429e-12
3.95193867792348e-06
1.13424604526206e-05
2.30679210522915e-05
3.91106421399173e-05
4.54444838190761e-05
2.24709590341962e-05
3.7903487340175e-06
3.5358915418078e-07
1.579262711808e-08
2.91968059343e-09
1.5191248355e-10
0
0
0
7.288439e-14
1.6941835e-13
2.3523287e-13
2.7460508e-13
3.0022826e-13
3.0536786e-13
7.51641060111124e-06
2.52984128884173e-05
6.17253726616364e-05
0.000111185943334296
0.000125764897883643
5.8846757812936e-05
8.5691696635169e-06
4.7578713592265e-07
1.749693080725e-08
2.37296519598e-09
1.2975062582e-10
0
0
0
4.60838e-14
1.1633832e-13
1.6265631e-13
1.9210872e-13
2.1206965e-13
2.1687906e-13
3.1007344e-12
4.542535989e-11
5.650514554e-10
7.29656190501e-09
9.626156503395e-08
1.05030818859069e-06
5.72758097308508e-06
1.84007201659843e-06
0
0
0
0
0
0
0
2.657298e-14
4.569503e-14
5.857651e-14
6.771395e-14
7.040721e-14
1.92683823691495e-06
7.42815232724892e-06
2.39730947893155e-05
6.68241914889785e-05
0.000155467630985865
0.000270797114513577
0.000211943693247627
0
0
0
0
0
0
0
0
1.0067464e-13
1.6712559e-13
2.1344493e-13
2.4748669e-13
2.5895527e-13
3.39971376042e-09
3.703048952887e-08
3.2761152431041e-07
2.57539707970093e-06
1.63085653487859e-05
6.36193901857755e-05
8.43046278568787e-05
0
0
0
0
0
0
0
0
0
1.554e-17
5.741e-17
6.799e-17
7.116e-17
1.29348196333995e-05
4.70171074919617e-05
0.000139911376181814
0.000344771805159033
0.000640783737640858
0.000698972182786959
0.000203332916651004
0
0
0
0
0
0
0
0
0
9e-19
5.25e-18
6.24e-18
6.57e-18
1.57381172897266e-06
6.3165271028084e-06
1.95019703353143e-05
4.91139358709856e-05
9.26922951958303e-05
9.39256040565049e-05
1.97759532468082e-05
0
0
0
0
0
0
0
0
0
0
0
0
0
0.000103062281559672
0.000329070562261263
0.000725491787216262
0.00111318965739218
0.000961901957638599
0.00023262769623633
9.55409930200311e-06
0
0
0
0
0
0
0
0
0
0
0
0
0
7.39418509308e-09
5.786800808447e-08
3.7228056178089e-07
2.06521661532001e-06
9.51978380076014e-06
3.27018885599134e-05
6.25881324502602e-05
1.13225023787229e-05
0
0
0
0
0
0
6.8683769e-13
1.12261818e-12
1.45847977e-12
1.72015341e-12
1.90664807e-12
1.95838162e-12
1.43343492495245e-06
6.30625101702716e-06
2.31780599191967e-05
7.16678289456604e-05
0.000174702687438031
0.000285384818843284
0.000215690647681658
2.99587533829837e-06
0
2.109810930093e-08
6.28643373364e-09
3.6191135034e-10
0
0
0
1.1211603e-13
1.5362726e-13
1.833665e-13
2.0578047e-13
2.1334967e-13
3.60836715888e-09
1.360902224963e-08
4.475097795419e-08
1.4334617700864e-07
4.7375445948145e-07
1.5465564165791e-06
3.63100105934949e-06
2.0762536913043e-07
0
0
0
0
0
0
0
3.76151e-15
6.24388e-15
7.65819e-15
8.61862e-15
8.85968e-15
1.0517589203e-10
4.672805972e-10
1.93730489342e-09
8.54859450039e-09
4.229685898661e-08
2.2439576093559e-07
9.8752440415486e-07
2.20178453977167e-06
1.55587731354728e-06
1.58204726374639e-06
2.55756478788729e-06
4.48999883606161e-06
7.20377157029293e-06
9.87447040015375e-06
1.30210707716006e-05
1.65538955126117e-05
1.89008193198879e-05
1.99852637147584e-05
2.04610253309404e-05
2.04780611003887e-05
1.112386297e-09
3.44215215483e-09
9.49627275024e-09
2.601719638892e-08
7.165477440172e-08
1.9081910571549e-07
4.486601571844e-07
8.113225881498e-07
5.0633068460217e-07
2.6581569547934e-07
2.6093638263646e-07
4.9036181387423e-07
9.1329089914481e-07
1.38630750603176e-06
2.00814966344415e-06
2.78529637954299e-06
3.35299819854445e-06
3.65061143298829e-06
3.80743215855027e-06
3.83399049244756e-06
1.18478992096e-09
3.43669139852e-09
8.51440220436e-09
2.005485393246e-08
4.598153431786e-08
1.0187964492689e-07
2.055831251198e-07
3.3572554856927e-07
2.6460523115899e-07
1.3109925276772e-07
5.287401086321e-08
6.39982276998e-08
1.2855212796739e-07
2.1083163703912e-07
3.2697575762075e-07
4.8019661326975e-07
6.0199634784453e-07
6.7329453524962e-07
7.1430118917524e-07
7.2486040569481e-07
8.7542701317e-10
2.99905374986e-09
8.53820268853e-09
2.120513818888e-08
4.523928021502e-08
8.101408090181e-08
1.1931669199088e-07
1.4463479864596e-07
1.0962444288655e-07
5.589230434915e-08
2.165964013746e-08
2.262824801186e-08
4.397733376118e-08
7.155012443616e-08
1.1016937413256e-07
1.6079366157694e-07
2.0214977299268e-07
2.2787730195409e-07
2.435360210287e-07
2.4839041652029e-07
1.6666615295e-10
4.4352031569e-10
1.01455166953e-09
2.3425818519e-09
5.67004922963e-09
1.393398095284e-08
3.032852261865e-08
4.948000159163e-08
6.0913395975e-08
7.190624059867e-08
8.405170029255e-08
9.871054122635e-08
1.1698006741879e-07
1.3501238054219e-07
1.5558246690276e-07
1.7923296152642e-07
1.9596105824112e-07
2.0508145250351e-07
2.1049426505915e-07
2.1183201964062e-07
4.961021982543e-08
2.1875309865396e-07
8.3882229117153e-07
2.87663601042368e-06
8.68917988100035e-06
2.26464248701146e-05
4.96714596942546e-05
8.99447889825075e-05
0.000173603692892879
0.000312564081616605
0.000556270320262312
0.000934030974200171
0.00143116000507347
0.00198298506050582
0.00254892976759432
0.00305706019238002
0.00340559462586018
0.00358272053109514
0.00364577951947263
0.00365518363771499
1.3636316724e-10
6.057995079e-10
2.22576869291e-09
6.95393477539e-09
1.662575957462e-08
2.44887799026e-08
1.781919927685e-08
1.518848036479e-08
4.036245552936e-08
8.527481614224e-08
1.7393601771568e-07
3.2296081371175e-07
5.2408160247528e-07
7.2745173733028e-07
9.3011666964213e-07
1.1095241090823e-06
1.20661634423547e-06
1.23165414953406e-06
1.22536129122769e-06
1.2108927264618e-06
5.2595860322e-10
1.77315492284e-09
5.09165169622e-09
1.330812495316e-08
3.177581558021e-08
6.907362098109e-08
1.3454298522491e-07
2.3660856517525e-07
4.5608441718718e-07
7.3745109374855e-07
1.20266864746719e-06
1.84685381139462e-06
2.56462178810855e-06
3.01760548372252e-06
3.46296573628745e-06
3.93618684850232e-06
4.09032775856824e-06
4.03510579631957e-06
3.96584012558167e-06
3.88736946491831e-06
3.6573006155e-10
1.06989384893e-09
2.72972986077e-09
6.96617231974e-09
1.832220731177e-08
4.710594767984e-08
1.0443019678573e-07
1.7742407202549e-07
1.258294727812e-07
7.129686352615e-08
8.780053297101e-08
1.8138501058256e-07
3.5417548833256e-07
5.6259435018831e-07
8.3101114614601e-07
1.15043535264882e-06
1.3777195015356e-06
1.48956241185813e-06
1.54059036638259e-06
1.54439037958016e-06
4.068062e-14
7.0887027e-13
1.1357874e-11
1.8255299118e-10
2.71319244067e-09
3.171948839622e-08
2.3332965679726e-07
7.4021563991296e-07
3.6168364537517e-07
1.1171606402763e-07
2.151648709771e-08
3.1716054029e-09
2.76809164095e-09
4.51120511927e-09
8.03550840076e-09
1.357030994481e-08
1.862553947538e-08
2.190596662509e-08
2.387508172877e-08
2.445175798994e-08
2.88235721949e-08
1.3654568730044e-07
5.544624044237e-07
1.94947870426443e-06
5.71688937234448e-06
1.31899608453487e-05
2.19610609960413e-05
2.36680427226868e-05
8.59627597127186e-06
2.20921876428093e-06
3.484051082414e-07
4.156364508649e-08
2.924472642165e-08
4.344757529557e-08
7.313500833278e-08
1.1780220063122e-07
1.5907325516147e-07
1.8757156159914e-07
2.0557960790721e-07
2.1194227458158e-07
1.0463576792e-10
5.8512267227e-10
2.6601691718e-09
1.04543434805e-08
3.437936008649e-08
8.533785858485e-08
1.2105796041205e-07
7.95372740466e-09
2.6204650035e-10
5.62744827e-11
4.78987803e-12
0
0
1.0203057e-13
2.3497767e-13
3.7863686e-13
5.1971413e-13
6.2817104e-13
7.0057322e-13
7.3088183e-13
1.123994121e-11
1.0960548636e-10
6.6255314374e-10
3.25768245692e-09
1.200067672144e-08
2.405458857132e-08
1.823626730943e-08
4.28683759169e-09
1.894861587e-11
1.137058378e-11
1.89578135e-12
0
0
0
1.881128e-14
4.066336e-14
6.176779e-14
7.474202e-14
8.294467e-14
8.427302e-14
2.3385547232e-10
1.2484501329e-09
5.77374384403e-09
2.327695625574e-08
7.871662991166e-08
2.0742882055779e-07
3.7783563196441e-07
4.3723031692794e-07
2.1963725154781e-07
1.1517905732023e-07
4.79322694942e-08
1.575119406875e-08
5.3232432053e-09
1.93295175903e-09
7.5874296876e-10
3.9281199234e-10
2.6255388442e-10
2.2350524727e-10
2.0896044183e-10
2.0330963657e-10
2.757772273e-11
1.2830357722e-10
5.3633798857e-10
2.13159426464e-09
8.25402117078e-09
3.121282787328e-08
1.0579010382384e-07
2.2950938645362e-07
1.0964663889399e-07
3.219206253504e-08
5.7949989659e-09
7.8607651416e-10
7.7295009261e-10
1.15764679198e-09
1.89199162602e-09
2.97494079426e-09
3.86051165612e-09
4.36613200394e-09
4.64805207276e-09
4.7080954093e-09
1.96816614747e-09
1.051236173834e-08
4.861150782566e-08
1.9528740164483e-07
6.5692666703216e-07
1.76068722003178e-06
3.60592790844718e-06
5.63763997954514e-06
4.01681300441836e-06
1.41783994666462e-06
2.2812790737201e-07
2.880604962285e-08
3.785337979973e-08
5.456244511166e-08
8.32570551832e-08
1.2301768779786e-07
1.5507078619206e-07
1.7395859728926e-07
1.8469855745203e-07
1.875343082495e-07
1.7432427088e-10
8.2206841582e-10
3.73464116328e-09
1.737921175274e-08
8.122628702332e-08
3.5133841550539e-07
1.22146304197162e-06
2.72557619873699e-06
1.57354517312942e-06
4.5641441414798e-07
7.801374100666e-08
1.330501067663e-08
1.625080540835e-08
2.482912648108e-08
3.913545595807e-08
5.898444293323e-08
7.454508822394e-08
8.30355277064e-08
8.75198878387e-08
8.833168139513e-08
0.713758736472511
0.713758570971751
0.713757982373334
0.71375612423567
0.713751125215445
0.713740107370946
0.713721204403924
0.713698522865375
0.713669539007311
0.713609976495948
0.713497031020225
0.713318426938371
0.713082096833106
0.712820105897492
0.712550243336178
0.712306368262821
0.712139716613356
0.712055985030154
0.712026690507443
0.712022996831504
0.0126448189573703
0.0126448189573703
0.0126448189573703
0.0126448189573703
0.0126448189573703
0.0126448189573703
0.0126448189573703
0.0126448189573703
0.0126448189573703
0.0126448189573703
0.0126448189573703
0.0126448189573703
0.0126448189573703
0.0126448189573703
0.0126448189573703
0.0126448189573703
0.0126448189573703
0.0126448189573703
0.0126448189573703
0.0126448189573703
4.48568253971e-09
3.22553912591e-08
1.6483302536378e-07
6.0501129037684e-07
1.46715189483551e-06
1.69557948472534e-06
1.9362367961082e-07
2.03797849816e-09
6.484985709e-11
1.16583141e-12
1.770866e-14
2.3554e-16
2.76e-18
3e-20
0
0
0
0
0
0
4.8424466312556e-07
2.06646217379897e-06
6.29543702381089e-06
1.25794053445446e-05
1.1967740019232e-05
1.22402382417631e-06
1.1504816929616e-07
1.75902740048e-09
1.561778321e-11
1.2585784e-13
1.03277e-15
9.11e-18
9e-20
0
0
0
0
0
0
0
1.0603491648707e-07
5.145483277603e-07
1.96286869291677e-06
5.90193689347603e-06
1.23387405438585e-05
1.47270777707261e-05
8.17506924121923e-06
0
0
0
0
0
0
0
0
0
0
1.565e-17
1.892e-17
1.946e-17
2.3984917476229e-06
8.20742290614801e-06
2.28737059011303e-05
5.34560707558934e-05
9.86887955362258e-05
0.000122925514413913
6.91649476563969e-05
0
0
0
0
0
0
0
0
0
0
0
4.3e-19
5.9e-19
1e-08
12.4365363
0
-0.0261461810383641
-0.0252639724436182
-0.0217045831415655
-0.00809876434268303
0.0374423307926938
0.167820469767561
0.485423020104371
1.12231166168719
2.0832185220965
3.04350789281195
3.56971115646023
3.63506624717109
3.61299946045445
3.57224507429258
3.51642528438029
3.44255339263083
3.35940090991293
3.27438422202981
3.18896417403091
3.10508581010524
0
0
1
