                  H2   2.000000000000e+02   1.000000000000e+03   3.500000000000e+03
   2.344331120000e+00   7.980520750000e-03  -1.947815100000e-05   2.015720940000e-08  -7.376117610000e-12  -9.179351730000e+02   6.830102380000e-01   3.337279200000e+00  -4.940247310000e-05   4.994567780000e-07  -1.795663940000e-10   2.002553760000e-14  -9.501589220000e+02  -3.205023310000e+00
                   H   2.000000000000e+02   1.000000000000e+03   3.500000000000e+03
   2.500000000000e+00   7.053328190000e-13  -1.995919640000e-15   2.300816320000e-18  -9.277323320000e-22   2.547365990000e+04  -4.466828530000e-01   2.500000010000e+00  -2.308429730000e-11   1.615619480000e-14  -4.735152350000e-18   4.981973570000e-22   2.547365990000e+04  -4.466829140000e-01
                   O   2.000000000000e+02   1.000000000000e+03   3.500000000000e+03
   3.168267100000e+00  -3.279318840000e-03   6.643063960000e-06  -6.128066240000e-09   2.112659710000e-12   2.912225920000e+04   2.051933460000e+00   2.569420780000e+00  -8.597411370000e-05   4.194845890000e-08  -1.001777990000e-11   1.228336910000e-15   2.921757910000e+04   4.784338640000e+00
                  O2   2.000000000000e+02   1.000000000000e+03   3.500000000000e+03
   3.782456360000e+00  -2.996734160000e-03   9.847302010000e-06  -9.681295090000e-09   3.243728370000e-12  -1.063943560000e+03   3.657675730000e+00   3.282537840000e+00   1.483087540000e-03  -7.579666690000e-07   2.094705550000e-10  -2.167177940000e-14  -1.088457720000e+03   5.453231290000e+00
                  OH   2.000000000000e+02   1.000000000000e+03   3.500000000000e+03
   3.992015430000e+00  -2.401317520000e-03   4.617938410000e-06  -3.881133330000e-09   1.364114700000e-12   3.615080560000e+03  -1.039254580000e-01   3.092887670000e+00   5.484297160000e-04   1.265052280000e-07  -8.794615560000e-11   1.174123760000e-14   3.858657000000e+03   4.476696100000e+00
                 H2O   2.000000000000e+02   1.000000000000e+03   3.500000000000e+03
   4.198640560000e+00  -2.036434100000e-03   6.520402110000e-06  -5.487970620000e-09   1.771978170000e-12  -3.029372670000e+04  -8.490322080000e-01   3.033992490000e+00   2.176918040000e-03  -1.640725180000e-07  -9.704198700000e-11   1.682009920000e-14  -3.000429710000e+04   4.966770100000e+00
                 HO2   2.000000000000e+02   1.000000000000e+03   3.500000000000e+03
   4.301798010000e+00  -4.749120510000e-03   2.115828910000e-05  -2.427638940000e-08   9.292251240000e-12   2.948080400000e+02   3.716662450000e+00   4.017210900000e+00   2.239820130000e-03  -6.336581500000e-07   1.142463700000e-10  -1.079085350000e-14   1.118567130000e+02   3.785102150000e+00
                H2O2   2.000000000000e+02   1.000000000000e+03   3.500000000000e+03
   4.276112690000e+00  -5.428224170000e-04   1.673357010000e-05  -2.157708130000e-08   8.624543630000e-12  -1.770258210000e+04   3.435050740000e+00   4.165002850000e+00   4.908316940000e-03  -1.901392250000e-06   3.711859860000e-10  -2.879083050000e-14  -1.786178770000e+04   2.916156620000e+00
                   C   2.000000000000e+02   1.000000000000e+03   3.500000000000e+03
   2.554239550000e+00  -3.215377240000e-04   7.337922450000e-07  -7.322348890000e-10   2.665214460000e-13   8.544388320000e+04   4.531308480000e+00   2.492668880000e+00   4.798892840000e-05  -7.243350200000e-08   3.742910290000e-11  -4.872778930000e-15   8.545129530000e+04   4.801503730000e+00
                  CH   2.000000000000e+02   1.000000000000e+03   3.500000000000e+03
   3.489816650000e+00   3.238355410000e-04  -1.688990650000e-06   3.162173270000e-09  -1.406090670000e-12   7.079729340000e+04   2.084011080000e+00   2.878464730000e+00   9.709136810000e-04   1.444456550000e-07  -1.306878490000e-10   1.760793830000e-14   7.101243640000e+04   5.484979990000e+00
                 CH2   2.000000000000e+02   1.000000000000e+03   3.500000000000e+03
   3.762678670000e+00   9.688721430000e-04   2.794898410000e-06  -3.850911530000e-09   1.687417190000e-12   4.600404010000e+04   1.562531850000e+00   2.874101130000e+00   3.656392920000e-03  -1.408945970000e-06   2.601795490000e-10  -1.877275670000e-14   4.626360400000e+04   6.171193240000e+00
              CH2(S)   2.000000000000e+02   1.000000000000e+03   3.500000000000e+03
   4.198604110000e+00  -2.366614190000e-03   8.232962200000e-06  -6.688159810000e-09   1.943147370000e-12   5.049681630000e+04  -7.691189670000e-01   2.292038420000e+00   4.655886370000e-03  -2.011919470000e-06   4.179060000000e-10  -3.397163650000e-14   5.092599970000e+04   8.626501690000e+00
                 CH3   2.000000000000e+02   1.000000000000e+03   3.500000000000e+03
   3.673590400000e+00   2.010951750000e-03   5.730218560000e-06  -6.871174250000e-09   2.543857340000e-12   1.644499880000e+04   1.604564330000e+00   2.285717720000e+00   7.239900370000e-03  -2.987143480000e-06   5.956846440000e-10  -4.671543940000e-14   1.677558430000e+04   8.480071790000e+00
                 CH4   2.000000000000e+02   1.000000000000e+03   3.500000000000e+03
   5.149876130000e+00  -1.367097880000e-02   4.918005990000e-05  -4.847430260000e-08   1.666939560000e-11  -1.024664760000e+04  -4.641303760000e+00   7.485149500000e-02   1.339094670000e-02  -5.732858090000e-06   1.222925350000e-09  -1.018152300000e-13  -9.468344590000e+03   1.843731800000e+01
                  CO   2.000000000000e+02   1.000000000000e+03   3.500000000000e+03
   3.579533470000e+00  -6.103536800000e-04   1.016814330000e-06   9.070058840000e-10  -9.044244990000e-13  -1.434408600000e+04   3.508409280000e+00   2.715185610000e+00   2.062527430000e-03  -9.988257710000e-07   2.300530080000e-10  -2.036477160000e-14  -1.415187240000e+04   7.818687720000e+00
                 CO2   2.000000000000e+02   1.000000000000e+03   3.500000000000e+03
   2.356773520000e+00   8.984596770000e-03  -7.123562690000e-06   2.459190220000e-09  -1.436995480000e-13  -4.837196970000e+04   9.901052220000e+00   3.857460290000e+00   4.414370260000e-03  -2.214814040000e-06   5.234901880000e-10  -4.720841640000e-14  -4.875916600000e+04   2.271638060000e+00
                 HCO   2.000000000000e+02   1.000000000000e+03   3.500000000000e+03
   4.221185840000e+00  -3.243925320000e-03   1.377994460000e-05  -1.331440930000e-08   4.337688650000e-12   3.839564960000e+03   3.394372430000e+00   2.772174380000e+00   4.956955260000e-03  -2.484456130000e-06   5.891617780000e-10  -5.335087110000e-14   4.011918150000e+03   9.798344920000e+00
                CH2O   2.000000000000e+02   1.000000000000e+03   3.500000000000e+03
   4.793723150000e+00  -9.908333690000e-03   3.732200080000e-05  -3.792852610000e-08   1.317726520000e-11  -1.430895670000e+04   6.028129000000e-01   1.760690080000e+00   9.200000820000e-03  -4.422588130000e-06   1.006412120000e-09  -8.838556400000e-14  -1.399583230000e+04   1.365632300000e+01
               CH2OH   2.000000000000e+02   1.000000000000e+03   3.500000000000e+03
   3.863889180000e+00   5.596723040000e-03   5.932717910000e-06  -1.045320120000e-08   4.369672780000e-12  -3.193913670000e+03   5.473022430000e+00   3.692665690000e+00   8.645767970000e-03  -3.751011200000e-06   7.872346360000e-10  -6.485542010000e-14  -3.242506270000e+03   5.810432150000e+00
                CH3O   3.000000000000e+02   1.000000000000e+03   3.000000000000e+03
   2.106204000000e+00   7.216595000000e-03   5.338472000000e-06  -7.377636000000e-09   2.075610000000e-12   9.786011000000e+02   1.315217700000e+01   3.770799000000e+00   7.871497000000e-03  -2.656384000000e-06   3.944431000000e-10  -2.112616000000e-14   1.278325200000e+02   2.929575000000e+00
               CH3OH   2.000000000000e+02   1.000000000000e+03   3.500000000000e+03
   5.715395820000e+00  -1.523091290000e-02   6.524411550000e-05  -7.108068890000e-08   2.613526980000e-11  -2.564276560000e+04  -1.504098230000e+00   1.789707910000e+00   1.409382920000e-02  -6.365008350000e-06   1.381710850000e-09  -1.170602200000e-13  -2.537487470000e+04   1.450236230000e+01
                 C2H   2.000000000000e+02   1.000000000000e+03   3.500000000000e+03
   2.889657330000e+00   1.340996110000e-02  -2.847695010000e-05   2.947910450000e-08  -1.093315110000e-11   6.683939320000e+04   6.222964380000e+00   3.167806520000e+00   4.752219020000e-03  -1.837870770000e-06   3.041902520000e-10  -1.772327700000e-14   6.712106500000e+04   6.635894750000e+00
                C2H2   2.000000000000e+02   1.000000000000e+03   3.500000000000e+03
   8.086810940000e-01   2.336156290000e-02  -3.551718150000e-05   2.801524370000e-08  -8.500729740000e-12   2.642898070000e+04   1.393970510000e+01   4.147569640000e+00   5.961666640000e-03  -2.372948520000e-06   4.674121710000e-10  -3.612352130000e-14   2.593599920000e+04  -1.230281210000e+00
                C2H3   2.000000000000e+02   1.000000000000e+03   3.500000000000e+03
   3.212466450000e+00   1.514791620000e-03   2.592094120000e-05  -3.576578470000e-08   1.471508730000e-11   3.485984680000e+04   8.510540250000e+00   3.016724000000e+00   1.033022920000e-02  -4.680823490000e-06   1.017632880000e-09  -8.626070410000e-14   3.461287390000e+04   7.787323780000e+00
                C2H4   2.000000000000e+02   1.000000000000e+03   3.500000000000e+03
   3.959201480000e+00  -7.570522470000e-03   5.709902920000e-05  -6.915887530000e-08   2.698843730000e-11   5.089775930000e+03   4.097330960000e+00   2.036111160000e+00   1.464541510000e-02  -6.710779150000e-06   1.472229230000e-09  -1.257060610000e-13   4.939886140000e+03   1.030536930000e+01
                C2H5   2.000000000000e+02   1.000000000000e+03   3.500000000000e+03
   4.306465680000e+00  -4.186588920000e-03   4.971428070000e-05  -5.991266060000e-08   2.305090040000e-11   1.284162650000e+04   4.707209240000e+00   1.954656420000e+00   1.739727220000e-02  -7.982066680000e-06   1.752176890000e-09  -1.496415760000e-13   1.285752000000e+04   1.346243430000e+01
                C2H6   2.000000000000e+02   1.000000000000e+03   3.500000000000e+03
   4.291424920000e+00  -5.501542700000e-03   5.994382880000e-05  -7.084662850000e-08   2.686857710000e-11  -1.152220550000e+04   2.666823160000e+00   1.071881500000e+00   2.168526770000e-02  -1.002560670000e-05   2.214120010000e-09  -1.900028900000e-13  -1.142639320000e+04   1.511561070000e+01
                HCCO   3.000000000000e+02   1.000000000000e+03   4.000000000000e+03
   2.251721400000e+00   1.765502100000e-02  -2.372910100000e-05   1.727575900000e-08  -5.066481100000e-12   2.005944900000e+04   1.249041700000e+01   5.628205800000e+00   4.085340100000e-03  -1.593454700000e-06   2.862605200000e-10  -1.940783200000e-14   1.932721500000e+04  -3.930259500000e+00
               CH2CO   2.000000000000e+02   1.000000000000e+03   3.500000000000e+03
   2.135836300000e+00   1.811887210000e-02  -1.739474740000e-05   9.343975680000e-09  -2.014576150000e-12  -7.042918040000e+03   1.221564800000e+01   4.511297320000e+00   9.003597450000e-03  -4.169396350000e-06   9.233458820000e-10  -7.948382010000e-14  -7.551053110000e+03   6.322472050000e-01
               HCCOH   3.000000000000e+02   1.000000000000e+03   5.000000000000e+03
   1.242373300000e+00   3.107220100000e-02  -5.086686400000e-05   4.313713100000e-08  -1.401459400000e-11   8.031614300000e+03   1.387431900000e+01   5.923829100000e+00   6.792360000000e-03  -2.565856400000e-06   4.498784100000e-10  -2.994010100000e-14   7.264626000000e+03  -7.601774200000e+00
                   N   2.000000000000e+02   1.000000000000e+03   6.000000000000e+03
   2.500000000000e+00   0.000000000000e+00   0.000000000000e+00   0.000000000000e+00   0.000000000000e+00   5.610463700000e+04   4.193908700000e+00   2.415942900000e+00   1.748906500000e-04  -1.190236900000e-07   3.022624500000e-11  -2.036098200000e-15   5.613377300000e+04   4.649609600000e+00
                  NH   2.000000000000e+02   1.000000000000e+03   6.000000000000e+03
   3.492908500000e+00   3.117919800000e-04  -1.489048400000e-06   2.481644200000e-09  -1.035696700000e-12   4.188062900000e+04   1.848327800000e+00   2.783692800000e+00   1.329843000000e-03  -4.247804700000e-07   7.834850100000e-11  -5.504447000000e-15   4.212084800000e+04   5.740779900000e+00
                 NH2   2.000000000000e+02   1.000000000000e+03   6.000000000000e+03
   4.204002900000e+00  -2.106138500000e-03   7.106834800000e-06  -5.611519700000e-09   1.644071700000e-12   2.188591000000e+04  -1.418424800000e-01   2.834742100000e+00   3.207308200000e-03  -9.339080400000e-07   1.370295300000e-10  -7.920614400000e-15   2.217195700000e+04   6.520416300000e+00
                 NH3   2.000000000000e+02   1.000000000000e+03   6.000000000000e+03
   4.286027400000e+00  -4.660523000000e-03   2.171851300000e-05  -2.280888700000e-08   8.263804600000e-12  -6.741728500000e+03  -6.253727700000e-01   2.634452100000e+00   5.666256000000e-03  -1.727867600000e-06   2.386716100000e-10  -1.257878600000e-14  -6.544695800000e+03   6.566292800000e+00
                 NNH   2.000000000000e+02   1.000000000000e+03   6.000000000000e+03
   4.344692700000e+00  -4.849707200000e-03   2.005945900000e-05  -2.172646400000e-08   7.946953900000e-12   2.879197300000e+04   2.977941000000e+00   3.766754400000e+00   2.891508200000e-03  -1.041662000000e-06   1.684259400000e-10  -1.009189600000e-14   2.865069700000e+04   4.470506700000e+00
                  NO   2.000000000000e+02   1.000000000000e+03   6.000000000000e+03
   4.218476300000e+00  -4.638976000000e-03   1.104102200000e-05  -9.336135400000e-09   2.803577000000e-12   9.844623000000e+03   2.280846400000e+00   3.260605600000e+00   1.191104300000e-03  -4.291704800000e-07   6.945766900000e-11  -4.033609900000e-15   9.920974600000e+03   6.369302700000e+00
                 NO2   2.000000000000e+02   1.000000000000e+03   6.000000000000e+03
   3.944031200000e+00  -1.585429000000e-03   1.665781200000e-05  -2.047542600000e-08   7.835056400000e-12   2.896617900000e+03   6.311991700000e+00   4.884754200000e+00   2.172395600000e-03  -8.280690600000e-07   1.574751000000e-10  -1.051089500000e-14   2.316498300000e+03  -1.174169500000e-01
                 N2O   2.000000000000e+02   1.000000000000e+03   6.000000000000e+03
   2.257150200000e+00   1.130472800000e-02  -1.367131900000e-05   9.681980600000e-09  -2.930718200000e-12   8.741774400000e+03   1.075799200000e+01   4.823072900000e+00   2.627025100000e-03  -9.585087400000e-07   1.600071200000e-10  -9.775230300000e-15   8.073404800000e+03  -2.201720700000e+00
                 HNO   2.000000000000e+02   1.000000000000e+03   6.000000000000e+03
   4.533491600000e+00  -5.669617100000e-03   1.847320700000e-05  -1.713709400000e-08   5.545457300000e-12   1.154829700000e+04   1.749841700000e+00   2.979250900000e+00   3.494405900000e-03  -7.854977800000e-07   5.747959400000e-11  -1.933591600000e-16   1.175058200000e+04   8.606372800000e+00
                  CN   2.000000000000e+02   1.000000000000e+03   6.000000000000e+03
   3.612935100000e+00  -9.555132700000e-04   2.144297700000e-06  -3.151632300000e-10  -4.643035600000e-13   5.170834000000e+04   3.980499500000e+00   3.745980500000e+00   4.345077500000e-05   2.970598400000e-07  -6.865180600000e-11   4.413417300000e-15   5.153618800000e+04   2.786760100000e+00
                 HCN   2.000000000000e+02   1.000000000000e+03   6.000000000000e+03
   2.258988600000e+00   1.005117000000e-02  -1.335176300000e-05   1.009234900000e-08  -3.008902800000e-12   1.471263300000e+04   8.916441900000e+00   3.802239200000e+00   3.146422800000e-03  -1.063218500000e-06   1.661975700000e-10  -9.799757000000e-15   1.440729200000e+04   1.575460100000e+00
                H2CN   3.000000000000e+02   1.000000000000e+03   4.000000000000e+03
   2.851661000000e+00   5.695233100000e-03   1.071140000000e-06  -1.622612000000e-09  -2.351108100000e-13   2.863782000000e+04   8.992751100000e+00   5.209703000000e+00   2.969291100000e-03  -2.855589100000e-07  -1.635550000000e-10   3.043258900000e-14   2.767710900000e+04  -4.444478000000e+00
                HCNN   3.000000000000e+02   1.000000000000e+03   5.000000000000e+03
   2.524319400000e+00   1.596061900000e-02  -1.881635400000e-05   1.212554000000e-08  -3.235737800000e-12   5.426198400000e+04   1.167587000000e+01   5.894636200000e+00   3.989595900000e-03  -1.598238000000e-06   2.924939500000e-10  -2.009468600000e-14   5.345294100000e+04  -5.103050200000e+00
                HCNO   3.000000000000e+02   1.382000000000e+03   5.000000000000e+03
   2.647279890000e+00   1.275053420000e-02  -1.047942360000e-05   4.414328360000e-09  -7.575214660000e-13   1.929902520000e+04   1.073329720000e+01   6.598604560000e+00   3.027786260000e-03  -1.077043460000e-06   1.716665280000e-10  -1.014393910000e-14   1.796613390000e+04  -1.033065990000e+01
                HOCN   3.000000000000e+02   1.368000000000e+03   5.000000000000e+03
   3.786049520000e+00   6.886679220000e-03  -3.214878640000e-06   5.171957670000e-10   1.193607880000e-14  -2.826984000000e+03   5.632921620000e+00   5.897848850000e+00   3.167893930000e-03  -1.118010640000e-06   1.772431440000e-10  -1.043391770000e-14  -3.706533310000e+03  -6.181678250000e+00
                HNCO   3.000000000000e+02   1.478000000000e+03   5.000000000000e+03
   3.630963170000e+00   7.302823570000e-03  -2.280500030000e-06  -6.612712980000e-10   3.622357520000e-13  -1.558736360000e+04   6.194577270000e+00   6.223951340000e+00   3.178640040000e-03  -1.093787550000e-06   1.707351630000e-10  -9.950219550000e-15  -1.665993440000e+04  -8.382247410000e+00
                 NCO   2.000000000000e+02   1.000000000000e+03   6.000000000000e+03
   2.826930800000e+00   8.805168800000e-03  -8.386613400000e-06   4.801696400000e-09  -1.331359500000e-12   1.468247700000e+04   9.550464600000e+00   5.152184500000e+00   2.305176100000e-03  -8.803315300000e-07   1.478909800000e-10  -9.097799600000e-15   1.400412300000e+04  -2.544266000000e+00
                  N2   3.000000000000e+02   1.000000000000e+03   5.000000000000e+03
   3.298677000000e+00   1.408240400000e-03  -3.963222000000e-06   5.641515000000e-09  -2.444854000000e-12  -1.020899900000e+03   3.950372000000e+00   2.926640000000e+00   1.487976800000e-03  -5.684760000000e-07   1.009703800000e-10  -6.753351000000e-15  -9.227977000000e+02   5.980528000000e+00
                  AR   3.000000000000e+02   1.000000000000e+03   5.000000000000e+03
   2.500000000000e+00   0.000000000000e+00   0.000000000000e+00   0.000000000000e+00   0.000000000000e+00  -7.453750000000e+02   4.366000000000e+00   2.500000000000e+00   0.000000000000e+00   0.000000000000e+00   0.000000000000e+00   0.000000000000e+00  -7.453750000000e+02   4.366000000000e+00
                C3H7   3.000000000000e+02   1.000000000000e+03   5.000000000000e+03
   1.051551800000e+00   2.599198000000e-02   2.380054000000e-06  -1.960956900000e-08   9.373247000000e-12   1.063186300000e+04   2.112255900000e+01   7.702698700000e+00   1.604420300000e-02  -5.283322000000e-06   7.629859000000e-10  -3.939228400000e-14   8.298433600000e+03  -1.548018000000e+01
                C3H8   3.000000000000e+02   1.000000000000e+03   5.000000000000e+03
   9.335538100000e-01   2.642457900000e-02   6.105972700000e-06  -2.197749900000e-08   9.514925300000e-12  -1.395852000000e+04   1.920169100000e+01   7.534136800000e+00   1.887223900000e-02  -6.271849100000e-06   9.147564900000e-10  -4.783806900000e-14  -1.646751600000e+04  -1.789234900000e+01
              CH2CHO   3.000000000000e+02   1.000000000000e+03   5.000000000000e+03
   3.409062000000e+00   1.073857400000e-02   1.891492000000e-06  -7.158583000000e-09   2.867385000000e-12   1.521476600000e+03   9.558290000000e+00   5.975670000000e+00   8.130591000000e-03  -2.743624000000e-06   4.070304000000e-10  -2.176017000000e-14   4.903218000000e+02  -5.045251000000e+00
              CH3CHO   2.000000000000e+02   1.000000000000e+03   6.000000000000e+03
   4.729459500000e+00  -3.193285800000e-03   4.753492100000e-05  -5.745861100000e-08   2.193111200000e-11  -2.157287800000e+04   4.103015900000e+00   5.404110800000e+00   1.172305900000e-02  -4.226313700000e-06   6.837245100000e-10  -4.098486300000e-14  -2.259312200000e+04  -3.480791700000e+00
