900.00000122339804420335		0.27431213524869108022		0.72568785828715176578		0.00000000000212575928		0.00000000000057419870		0.00000000059295976861		0.00000000000480103993		0.00000000582701892673		0.00000000003667705065				 0.00000001000000000000		0.03219939999999999608
900.00000122339804420335		0.27431213524869108022		0.72568785828715176578		0.00000000000212575928		0.00000000000057419870		0.00000000059295976930		0.00000000000480103993		0.00000000582701892488		0.00000000003667705106				 0.00000001000000000000		0.04467370000000001062
900.00000122339838526386		0.27431213524869102471		0.72568785828715143271		0.00000000000212575929		0.00000000000057419870		0.00000000059295982136		0.00000000000480103993		0.00000000582701904615		0.00000000003667724150				 0.00000001000000000000		0.04911179999999999712
900.00000124837515613763		0.27431213526566589067		0.72568785822221382187		0.00000000007413851932		0.00000000000483607415		0.00000000051744414700		0.00000000000000000000		0.00000000588501650107		0.00000000003641674631				 0.00000001000000000000		0.02933900000000000050
900.00000122339804420335		0.27431213524869108022		0.72568785828715176578		0.00000000000212575928		0.00000000000057419870		0.00000000059295976861		0.00000000000480103993		0.00000000582701892673		0.00000000003667705065				 0.00000001000000000000		0.03220829999999998833
900.00000122339804420335		0.27431213524869108022		0.72568785828715176578		0.00000000000212575928		0.00000000000057419870		0.00000000059295976930		0.00000000000480103993		0.00000000582701892488		0.00000000003667705106				 0.00000001000000000000		0.04394779999999998826
900.00000122339838526386		0.27431213524869102471		0.72568785828715143271		0.00000000000212575929		0.00000000000057419870		0.00000000059295982136		0.00000000000480103993		0.00000000582701904615		0.00000000003667724150				 0.00000001000000000000		0.04985629999999998535
900.00000124837515613763		0.27431213526566589067		0.72568785822221382187		0.00000000007413851932		0.00000000000483607415		0.00000000051744414700		0.00000000000000000000		0.00000000588501650107		0.00000000003641674631				 0.00000001000000000000		0.02942939999999999792
900.00000122339804420335		0.27431213524869108022		0.72568785828715176578		0.00000000000212575928		0.00000000000057419870		0.00000000059295976861		0.00000000000480103993		0.00000000582701892673		0.00000000003667705065				 0.00000001000000000000		0.03218309999999999921
900.00000122339804420335		0.27431213524869108022		0.72568785828715176578		0.00000000000212575928		0.00000000000057419870		0.00000000059295976930		0.00000000000480103993		0.00000000582701892488		0.00000000003667705106				 0.00000001000000000000		0.04467940000000000106
900.00000122339838526386		0.27431213524869102471		0.72568785828715143271		0.00000000000212575929		0.00000000000057419870		0.00000000059295982136		0.00000000000480103993		0.00000000582701904615		0.00000000003667724150				 0.00000001000000000000		0.04975190000000000862
900.00000124837515613763		0.27431213526566589067		0.72568785822221382187		0.00000000007413851932		0.00000000000483607415		0.00000000051744414700		0.00000000000000000000		0.00000000588501650107		0.00000000003641674631				 0.00000001000000000000		0.03226660000000000639
900.00000122339804420335		0.27431213524869108022		0.72568785828715176578		0.00000000000212575928		0.00000000000057419870		0.00000000059295976861		0.00000000000480103993		0.00000000582701892673		0.00000000003667705065				 0.00000001000000000000		0.03212050000000000322
900.00000122339804420335		0.27431213524869108022		0.72568785828715176578		0.00000000000212575928		0.00000000000057419870		0.00000000059295976930		0.00000000000480103993		0.00000000582701892488		0.00000000003667705106				 0.00000001000000000000		0.05641369999999999718
900.00000122339838526386		0.27431213524869102471		0.72568785828715143271		0.00000000000212575929		0.00000000000057419870		0.00000000059295982136		0.00000000000480103993		0.00000000582701904615		0.00000000003667724150				 0.00000001000000000000		0.04980020000000001668
900.00000124837515613763		0.27431213526566589067		0.72568785822221382187		0.00000000007413851932		0.00000000000483607415		0.00000000051744414700		0.00000000000000000000		0.00000000588501650107		0.00000000003641674631				 0.00000001000000000000		0.02949939999999999507
900.00000122339804420335		0.27431213524869108022		0.72568785828715176578		0.00000000000212575928		0.00000000000057419870		0.00000000059295976861		0.00000000000480103993		0.00000000582701892673		0.00000000003667705065				 0.00000001000000000000		0.03247849999999999349
900.00000122339804420335		0.27431213524869108022		0.72568785828715176578		0.00000000000212575928		0.00000000000057419870		0.00000000059295976930		0.00000000000480103993		0.00000000582701892488		0.00000000003667705106				 0.00000001000000000000		0.04463939999999999575
900.00000122339838526386		0.27431213524869102471		0.72568785828715143271		0.00000000000212575929		0.00000000000057419870		0.00000000059295982136		0.00000000000480103993		0.00000000582701904615		0.00000000003667724150				 0.00000001000000000000		0.04986470000000001179
900.00000124837515613763		0.27431213526566589067		0.72568785822221382187		0.00000000007413851932		0.00000000000483607415		0.00000000051744414700		0.00000000000000000000		0.00000000588501650107		0.00000000003641674631				 0.00000001000000000000		0.02970970000000000208
900.00000122339804420335		0.27431213524869108022		0.72568785828715176578		0.00000000000212575928		0.00000000000057419870		0.00000000059295976861		0.00000000000480103993		0.00000000582701892673		0.00000000003667705065				 0.00000001000000000000		0.03229989999999999944
900.00000122339804420335		0.27431213524869108022		0.72568785828715176578		0.00000000000212575928		0.00000000000057419870		0.00000000059295976930		0.00000000000480103993		0.00000000582701892488		0.00000000003667705106				 0.00000001000000000000		0.04415639999999999843
900.00000122339838526386		0.27431213524869102471		0.72568785828715143271		0.00000000000212575929		0.00000000000057419870		0.00000000059295982136		0.00000000000480103993		0.00000000582701904615		0.00000000003667724150				 0.00000001000000000000		0.04947949999999998877
900.00000124837515613763		0.27431213526566589067		0.72568785822221382187		0.00000000007413851932		0.00000000000483607415		0.00000000051744414700		0.00000000000000000000		0.00000000588501650107		0.00000000003641674631				 0.00000001000000000000		0.02967849999999999655
900.00000122339804420335		0.27431213524869108022		0.72568785828715176578		0.00000000000212575928		0.00000000000057419870		0.00000000059295976861		0.00000000000480103993		0.00000000582701892673		0.00000000003667705065				 0.00000001000000000000		0.03221809999999999952
900.00000122339804420335		0.27431213524869108022		0.72568785828715176578		0.00000000000212575928		0.00000000000057419870		0.00000000059295976930		0.00000000000480103993		0.00000000582701892488		0.00000000003667705106				 0.00000001000000000000		0.04411140000000002975
900.00000122339838526386		0.27431213524869102471		0.72568785828715143271		0.00000000000212575929		0.00000000000057419870		0.00000000059295982136		0.00000000000480103993		0.00000000582701904615		0.00000000003667724150				 0.00000001000000000000		0.04940220000000000722
900.00000124837515613763		0.27431213526566589067		0.72568785822221382187		0.00000000007413851932		0.00000000000483607415		0.00000000051744414700		0.00000000000000000000		0.00000000588501650107		0.00000000003641674631				 0.00000001000000000000		0.02928269999999999831
900.00000122339804420335		0.27431213524869108022		0.72568785828715176578		0.00000000000212575928		0.00000000000057419870		0.00000000059295976861		0.00000000000480103993		0.00000000582701892673		0.00000000003667705065				 0.00000001000000000000		0.03207669999999999272
900.00000122339804420335		0.27431213524869108022		0.72568785828715176578		0.00000000000212575928		0.00000000000057419870		0.00000000059295976930		0.00000000000480103993		0.00000000582701892488		0.00000000003667705106				 0.00000001000000000000		0.04429920000000001079
900.00000122339838526386		0.27431213524869102471		0.72568785828715143271		0.00000000000212575929		0.00000000000057419870		0.00000000059295982136		0.00000000000480103993		0.00000000582701904615		0.00000000003667724150				 0.00000001000000000000		0.04929209999999999842
900.00000124837515613763		0.27431213526566589067		0.72568785822221382187		0.00000000007413851932		0.00000000000483607415		0.00000000051744414700		0.00000000000000000000		0.00000000588501650107		0.00000000003641674631				 0.00000001000000000000		0.02981419999999999904
900.00000122339804420335		0.27431213524869108022		0.72568785828715176578		0.00000000000212575928		0.00000000000057419870		0.00000000059295976861		0.00000000000480103993		0.00000000582701892673		0.00000000003667705065				 0.00000001000000000000		0.03227819999999998607
900.00000122339804420335		0.27431213524869108022		0.72568785828715176578		0.00000000000212575928		0.00000000000057419870		0.00000000059295976930		0.00000000000480103993		0.00000000582701892488		0.00000000003667705106				 0.00000001000000000000		0.04477910000000000224
900.00000122339838526386		0.27431213524869102471		0.72568785828715143271		0.00000000000212575929		0.00000000000057419870		0.00000000059295982136		0.00000000000480103993		0.00000000582701904615		0.00000000003667724150				 0.00000001000000000000		0.05015570000000002526
900.00000124837515613763		0.27431213526566589067		0.72568785822221382187		0.00000000007413851932		0.00000000000483607415		0.00000000051744414700		0.00000000000000000000		0.00000000588501650107		0.00000000003641674631				 0.00000001000000000000		0.02936039999999998790
900.00000122339804420335		0.27431213524869108022		0.72568785828715176578		0.00000000000212575928		0.00000000000057419870		0.00000000059295976861		0.00000000000480103993		0.00000000582701892673		0.00000000003667705065				 0.00000001000000000000		0.03240080000000000737
900.00000122339804420335		0.27431213524869108022		0.72568785828715176578		0.00000000000212575928		0.00000000000057419870		0.00000000059295976930		0.00000000000480103993		0.00000000582701892488		0.00000000003667705106				 0.00000001000000000000		0.04405940000000000550
900.00000122339838526386		0.27431213524869102471		0.72568785828715143271		0.00000000000212575929		0.00000000000057419870		0.00000000059295982136		0.00000000000480103993		0.00000000582701904615		0.00000000003667724150				 0.00000001000000000000		0.04922129999999998867
900.00000124837515613763		0.27431213526566589067		0.72568785822221382187		0.00000000007413851932		0.00000000000483607415		0.00000000051744414700		0.00000000000000000000		0.00000000588501650107		0.00000000003641674631				 0.00000001000000000000		0.02995509999999999493
900.00000122339804420335		0.27431213524869108022		0.72568785828715176578		0.00000000000212575928		0.00000000000057419870		0.00000000059295976861		0.00000000000480103993		0.00000000582701892673		0.00000000003667705065				 0.00000001000000000000		0.03232550000000000007
900.00000122339804420335		0.27431213524869108022		0.72568785828715176578		0.00000000000212575928		0.00000000000057419870		0.00000000059295976930		0.00000000000480103993		0.00000000582701892488		0.00000000003667705106				 0.00000001000000000000		0.04450580000000000508
900.00000122339838526386		0.27431213524869102471		0.72568785828715143271		0.00000000000212575929		0.00000000000057419870		0.00000000059295982136		0.00000000000480103993		0.00000000582701904615		0.00000000003667724150				 0.00000001000000000000		0.05010960000000002496
900.00000124837515613763		0.27431213526566589067		0.72568785822221382187		0.00000000007413851932		0.00000000000483607415		0.00000000051744414700		0.00000000000000000000		0.00000000588501650107		0.00000000003641674631				 0.00000001000000000000		0.02941449999999999967
900.00000122339804420335		0.27431213524869108022		0.72568785828715176578		0.00000000000212575928		0.00000000000057419870		0.00000000059295976861		0.00000000000480103993		0.00000000582701892673		0.00000000003667705065				 0.00000001000000000000		0.03193459999999999355
900.00000122339804420335		0.27431213524869108022		0.72568785828715176578		0.00000000000212575928		0.00000000000057419870		0.00000000059295976930		0.00000000000480103993		0.00000000582701892488		0.00000000003667705106				 0.00000001000000000000		0.04466030000000000694
900.00000122339838526386		0.27431213524869102471		0.72568785828715143271		0.00000000000212575929		0.00000000000057419870		0.00000000059295982136		0.00000000000480103993		0.00000000582701904615		0.00000000003667724150				 0.00000001000000000000		0.05036370000000001818
900.00000124837515613763		0.27431213526566589067		0.72568785822221382187		0.00000000007413851932		0.00000000000483607415		0.00000000051744414700		0.00000000000000000000		0.00000000588501650107		0.00000000003641674631				 0.00000001000000000000		0.02944909999999999195
900.00000122339804420335		0.27431213524869108022		0.72568785828715176578		0.00000000000212575928		0.00000000000057419870		0.00000000059295976861		0.00000000000480103993		0.00000000582701892673		0.00000000003667705065				 0.00000001000000000000		0.03300939999999998042
900.00000122339804420335		0.27431213524869108022		0.72568785828715176578		0.00000000000212575928		0.00000000000057419870		0.00000000059295976930		0.00000000000480103993		0.00000000582701892488		0.00000000003667705106				 0.00000001000000000000		0.04455410000000001314
900.00000122339838526386		0.27431213524869102471		0.72568785828715143271		0.00000000000212575929		0.00000000000057419870		0.00000000059295982136		0.00000000000480103993		0.00000000582701904615		0.00000000003667724150				 0.00000001000000000000		0.04983509999999997941
900.00000124837515613763		0.27431213526566589067		0.72568785822221382187		0.00000000007413851932		0.00000000000483607415		0.00000000051744414700		0.00000000000000000000		0.00000000588501650107		0.00000000003641674631				 0.00000001000000000000		0.02962580000000000421
900.00000122339804420335		0.27431213524869108022		0.72568785828715176578		0.00000000000212575928		0.00000000000057419870		0.00000000059295976861		0.00000000000480103993		0.00000000582701892673		0.00000000003667705065				 0.00000001000000000000		0.03244269999999999793
900.00000122339804420335		0.27431213524869108022		0.72568785828715176578		0.00000000000212575928		0.00000000000057419870		0.00000000059295976930		0.00000000000480103993		0.00000000582701892488		0.00000000003667705106				 0.00000001000000000000		0.04446390000000000758
900.00000122339838526386		0.27431213524869102471		0.72568785828715143271		0.00000000000212575929		0.00000000000057419870		0.00000000059295982136		0.00000000000480103993		0.00000000582701904615		0.00000000003667724150				 0.00000001000000000000		0.05939519999999999522
900.00000124837515613763		0.27431213526566589067		0.72568785822221382187		0.00000000007413851932		0.00000000000483607415		0.00000000051744414700		0.00000000000000000000		0.00000000588501650107		0.00000000003641674631				 0.00000001000000000000		0.02929689999999999031
900.00000122339804420335		0.27431213524869108022		0.72568785828715176578		0.00000000000212575928		0.00000000000057419870		0.00000000059295976861		0.00000000000480103993		0.00000000582701892673		0.00000000003667705065				 0.00000001000000000000		0.03223590000000001177
900.00000122339804420335		0.27431213524869108022		0.72568785828715176578		0.00000000000212575928		0.00000000000057419870		0.00000000059295976930		0.00000000000480103993		0.00000000582701892488		0.00000000003667705106				 0.00000001000000000000		0.04552999999999999409
900.00000122339838526386		0.27431213524869102471		0.72568785828715143271		0.00000000000212575929		0.00000000000057419870		0.00000000059295982136		0.00000000000480103993		0.00000000582701904615		0.00000000003667724150				 0.00000001000000000000		0.04997159999999999797
900.00000124837515613763		0.27431213526566589067		0.72568785822221382187		0.00000000007413851932		0.00000000000483607415		0.00000000051744414700		0.00000000000000000000		0.00000000588501650107		0.00000000003641674631				 0.00000001000000000000		0.02955759999999999638
900.00000122339804420335		0.27431213524869108022		0.72568785828715176578		0.00000000000212575928		0.00000000000057419870		0.00000000059295976861		0.00000000000480103993		0.00000000582701892673		0.00000000003667705065				 0.00000001000000000000		0.03296040000000000081
900.00000122339804420335		0.27431213524869108022		0.72568785828715176578		0.00000000000212575928		0.00000000000057419870		0.00000000059295976930		0.00000000000480103993		0.00000000582701892488		0.00000000003667705106				 0.00000001000000000000		0.04407099999999999906
900.00000122339838526386		0.27431213524869102471		0.72568785828715143271		0.00000000000212575929		0.00000000000057419870		0.00000000059295982136		0.00000000000480103993		0.00000000582701904615		0.00000000003667724150				 0.00000001000000000000		0.04915669999999999068
900.00000124837515613763		0.27431213526566589067		0.72568785822221382187		0.00000000007413851932		0.00000000000483607415		0.00000000051744414700		0.00000000000000000000		0.00000000588501650107		0.00000000003641674631				 0.00000001000000000000		0.02929980000000000084
900.00000122339804420335		0.27431213524869108022		0.72568785828715176578		0.00000000000212575928		0.00000000000057419870		0.00000000059295976861		0.00000000000480103993		0.00000000582701892673		0.00000000003667705065				 0.00000001000000000000		0.03240939999999999793
900.00000122339804420335		0.27431213524869108022		0.72568785828715176578		0.00000000000212575928		0.00000000000057419870		0.00000000059295976930		0.00000000000480103993		0.00000000582701892488		0.00000000003667705106				 0.00000001000000000000		0.04404600000000000876
900.00000122339838526386		0.27431213524869102471		0.72568785828715143271		0.00000000000212575929		0.00000000000057419870		0.00000000059295982136		0.00000000000480103993		0.00000000582701904615		0.00000000003667724150				 0.00000001000000000000		0.04954640000000002514
900.00000124837515613763		0.27431213526566589067		0.72568785822221382187		0.00000000007413851932		0.00000000000483607415		0.00000000051744414700		0.00000000000000000000		0.00000000588501650107		0.00000000003641674631				 0.00000001000000000000		0.02941730000000000733
900.00000122339804420335		0.27431213524869108022		0.72568785828715176578		0.00000000000212575928		0.00000000000057419870		0.00000000059295976861		0.00000000000480103993		0.00000000582701892673		0.00000000003667705065				 0.00000001000000000000		0.03239959999999998674
900.00000122339804420335		0.27431213524869108022		0.72568785828715176578		0.00000000000212575928		0.00000000000057419870		0.00000000059295976930		0.00000000000480103993		0.00000000582701892488		0.00000000003667705106				 0.00000001000000000000		0.04416630000000000555
900.00000122339838526386		0.27431213524869102471		0.72568785828715143271		0.00000000000212575929		0.00000000000057419870		0.00000000059295982136		0.00000000000480103993		0.00000000582701904615		0.00000000003667724150				 0.00000001000000000000		0.05114530000000001853
900.00000124837515613763		0.27431213526566589067		0.72568785822221382187		0.00000000007413851932		0.00000000000483607415		0.00000000051744414700		0.00000000000000000000		0.00000000588501650107		0.00000000003641674631				 0.00000001000000000000		0.02947380000000000139
900.00000122339804420335		0.27431213524869108022		0.72568785828715176578		0.00000000000212575928		0.00000000000057419870		0.00000000059295976861		0.00000000000480103993		0.00000000582701892673		0.00000000003667705065				 0.00000001000000000000		0.03774070000000001590
900.00000122339804420335		0.27431213524869108022		0.72568785828715176578		0.00000000000212575928		0.00000000000057419870		0.00000000059295976930		0.00000000000480103993		0.00000000582701892488		0.00000000003667705106				 0.00000001000000000000		0.05360880000000000506
900.00000122339838526386		0.27431213524869102471		0.72568785828715143271		0.00000000000212575929		0.00000000000057419870		0.00000000059295982136		0.00000000000480103993		0.00000000582701904615		0.00000000003667724150				 0.00000001000000000000		0.15023750000000005156
900.00000124837515613763		0.27431213526566589067		0.72568785822221382187		0.00000000007413851932		0.00000000000483607415		0.00000000051744414700		0.00000000000000000000		0.00000000588501650107		0.00000000003641674631				 0.00000001000000000000		0.03137879999999998448
900.00000122339804420335		0.27431213524869108022		0.72568785828715176578		0.00000000000212575928		0.00000000000057419870		0.00000000059295976861		0.00000000000480103993		0.00000000582701892673		0.00000000003667705065				 0.00000001000000000000		0.03393910000000000676
900.00000122339804420335		0.27431213524869108022		0.72568785828715176578		0.00000000000212575928		0.00000000000057419870		0.00000000059295976930		0.00000000000480103993		0.00000000582701892488		0.00000000003667705106				 0.00000001000000000000		0.04427150000000001223
900.00000122339838526386		0.27431213524869102471		0.72568785828715143271		0.00000000000212575929		0.00000000000057419870		0.00000000059295982136		0.00000000000480103993		0.00000000582701904615		0.00000000003667724150				 0.00000001000000000000		0.04965449999999998337
900.00000124837515613763		0.27431213526566589067		0.72568785822221382187		0.00000000007413851932		0.00000000000483607415		0.00000000051744414700		0.00000000000000000000		0.00000000588501650107		0.00000000003641674631				 0.00000001000000000000		0.02956809999999999994
900.00000122339804420335		0.27431213524869108022		0.72568785828715176578		0.00000000000212575928		0.00000000000057419870		0.00000000059295976861		0.00000000000480103993		0.00000000582701892673		0.00000000003667705065				 0.00000001000000000000		0.03217960000000000959
900.00000122339804420335		0.27431213524869108022		0.72568785828715176578		0.00000000000212575928		0.00000000000057419870		0.00000000059295976930		0.00000000000480103993		0.00000000582701892488		0.00000000003667705106				 0.00000001000000000000		0.04478489999999999555
900.00000122339838526386		0.27431213524869102471		0.72568785828715143271		0.00000000000212575929		0.00000000000057419870		0.00000000059295982136		0.00000000000480103993		0.00000000582701904615		0.00000000003667724150				 0.00000001000000000000		0.04950369999999999077
900.00000124837515613763		0.27431213526566589067		0.72568785822221382187		0.00000000007413851932		0.00000000000483607415		0.00000000051744414700		0.00000000000000000000		0.00000000588501650107		0.00000000003641674631				 0.00000001000000000000		0.02948969999999999023
900.00000122339804420335		0.27431213524869108022		0.72568785828715176578		0.00000000000212575928		0.00000000000057419870		0.00000000059295976861		0.00000000000480103993		0.00000000582701892673		0.00000000003667705065				 0.00000001000000000000		0.03224300000000000777
900.00000122339804420335		0.27431213524869108022		0.72568785828715176578		0.00000000000212575928		0.00000000000057419870		0.00000000059295976930		0.00000000000480103993		0.00000000582701892488		0.00000000003667705106				 0.00000001000000000000		0.04427860000000000823
900.00000122339838526386		0.27431213524869102471		0.72568785828715143271		0.00000000000212575929		0.00000000000057419870		0.00000000059295982136		0.00000000000480103993		0.00000000582701904615		0.00000000003667724150				 0.00000001000000000000		0.04961289999999994593
900.00000124837515613763		0.27431213526566589067		0.72568785822221382187		0.00000000007413851932		0.00000000000483607415		0.00000000051744414700		0.00000000000000000000		0.00000000588501650107		0.00000000003641674631				 0.00000001000000000000		0.02941679999999999989
900.00000122339804420335		0.27431213524869108022		0.72568785828715176578		0.00000000000212575928		0.00000000000057419870		0.00000000059295976861		0.00000000000480103993		0.00000000582701892673		0.00000000003667705065				 0.00000001000000000000		0.03231139999999999707
900.00000122339804420335		0.27431213524869108022		0.72568785828715176578		0.00000000000212575928		0.00000000000057419870		0.00000000059295976930		0.00000000000480103993		0.00000000582701892488		0.00000000003667705106				 0.00000001000000000000		0.04459579999999998406
900.00000122339838526386		0.27431213524869102471		0.72568785828715143271		0.00000000000212575929		0.00000000000057419870		0.00000000059295982136		0.00000000000480103993		0.00000000582701904615		0.00000000003667724150				 0.00000001000000000000		0.04913730000000002263
900.00000124837515613763		0.27431213526566589067		0.72568785822221382187		0.00000000007413851932		0.00000000000483607415		0.00000000051744414700		0.00000000000000000000		0.00000000588501650107		0.00000000003641674631				 0.00000001000000000000		0.02929220000000000435
900.00000122339804420335		0.27431213524869108022		0.72568785828715176578		0.00000000000212575928		0.00000000000057419870		0.00000000059295976861		0.00000000000480103993		0.00000000582701892673		0.00000000003667705065				 0.00000001000000000000		0.03211370000000000197
900.00000122339804420335		0.27431213524869108022		0.72568785828715176578		0.00000000000212575928		0.00000000000057419870		0.00000000059295976930		0.00000000000480103993		0.00000000582701892488		0.00000000003667705106				 0.00000001000000000000		0.04440860000000001334
900.00000122339838526386		0.27431213524869102471		0.72568785828715143271		0.00000000000212575929		0.00000000000057419870		0.00000000059295982136		0.00000000000480103993		0.00000000582701904615		0.00000000003667724150				 0.00000001000000000000		0.04973739999999999412
900.00000124837515613763		0.27431213526566589067		0.72568785822221382187		0.00000000007413851932		0.00000000000483607415		0.00000000051744414700		0.00000000000000000000		0.00000000588501650107		0.00000000003641674631				 0.00000001000000000000		0.02932019999999999765
900.00000122339804420335		0.27431213524869108022		0.72568785828715176578		0.00000000000212575928		0.00000000000057419870		0.00000000059295976861		0.00000000000480103993		0.00000000582701892673		0.00000000003667705065				 0.00000001000000000000		0.03225120000000000070
900.00000122339804420335		0.27431213524869108022		0.72568785828715176578		0.00000000000212575928		0.00000000000057419870		0.00000000059295976930		0.00000000000480103993		0.00000000582701892488		0.00000000003667705106				 0.00000001000000000000		0.04438880000000000603
900.00000122339838526386		0.27431213524869102471		0.72568785828715143271		0.00000000000212575929		0.00000000000057419870		0.00000000059295982136		0.00000000000480103993		0.00000000582701904615		0.00000000003667724150				 0.00000001000000000000		0.05030859999999998805
900.00000124837515613763		0.27431213526566589067		0.72568785822221382187		0.00000000007413851932		0.00000000000483607415		0.00000000051744414700		0.00000000000000000000		0.00000000588501650107		0.00000000003641674631				 0.00000001000000000000		0.02942439999999999292
900.00000122339804420335		0.27431213524869108022		0.72568785828715176578		0.00000000000212575928		0.00000000000057419870		0.00000000059295976861		0.00000000000480103993		0.00000000582701892673		0.00000000003667705065				 0.00000001000000000000		0.03216900000000000315
900.00000122339804420335		0.27431213524869108022		0.72568785828715176578		0.00000000000212575928		0.00000000000057419870		0.00000000059295976930		0.00000000000480103993		0.00000000582701892488		0.00000000003667705106				 0.00000001000000000000		0.04440019999999999384
900.00000122339838526386		0.27431213524869102471		0.72568785828715143271		0.00000000000212575929		0.00000000000057419870		0.00000000059295982136		0.00000000000480103993		0.00000000582701904615		0.00000000003667724150				 0.00000001000000000000		0.06071620000000001183
900.00000124837515613763		0.27431213526566589067		0.72568785822221382187		0.00000000007413851932		0.00000000000483607415		0.00000000051744414700		0.00000000000000000000		0.00000000588501650107		0.00000000003641674631				 0.00000001000000000000		0.02968059999999998408
900.00000122339804420335		0.27431213524869108022		0.72568785828715176578		0.00000000000212575928		0.00000000000057419870		0.00000000059295976861		0.00000000000480103993		0.00000000582701892673		0.00000000003667705065				 0.00000001000000000000		0.03212219999999999659
900.00000122339804420335		0.27431213524869108022		0.72568785828715176578		0.00000000000212575928		0.00000000000057419870		0.00000000059295976930		0.00000000000480103993		0.00000000582701892488		0.00000000003667705106				 0.00000001000000000000		0.04419359999999998567
900.00000122339838526386		0.27431213524869102471		0.72568785828715143271		0.00000000000212575929		0.00000000000057419870		0.00000000059295982136		0.00000000000480103993		0.00000000582701904615		0.00000000003667724150				 0.00000001000000000000		0.06075959999999998307
900.00000124837515613763		0.27431213526566589067		0.72568785822221382187		0.00000000007413851932		0.00000000000483607415		0.00000000051744414700		0.00000000000000000000		0.00000000588501650107		0.00000000003641674631				 0.00000001000000000000		0.02944760000000000780
900.00000122339804420335		0.27431213524869108022		0.72568785828715176578		0.00000000000212575928		0.00000000000057419870		0.00000000059295976861		0.00000000000480103993		0.00000000582701892673		0.00000000003667705065				 0.00000001000000000000		0.03215840000000000365
900.00000122339804420335		0.27431213524869108022		0.72568785828715176578		0.00000000000212575928		0.00000000000057419870		0.00000000059295976930		0.00000000000480103993		0.00000000582701892488		0.00000000003667705106				 0.00000001000000000000		0.04398089999999999639
900.00000122339838526386		0.27431213524869102471		0.72568785828715143271		0.00000000000212575929		0.00000000000057419870		0.00000000059295982136		0.00000000000480103993		0.00000000582701904615		0.00000000003667724150				 0.00000001000000000000		0.04947410000000000002
900.00000124837515613763		0.27431213526566589067		0.72568785822221382187		0.00000000007413851932		0.00000000000483607415		0.00000000051744414700		0.00000000000000000000		0.00000000588501650107		0.00000000003641674631				 0.00000001000000000000		0.02928199999999999900
900.00000122339804420335		0.27431213524869108022		0.72568785828715176578		0.00000000000212575928		0.00000000000057419870		0.00000000059295976861		0.00000000000480103993		0.00000000582701892673		0.00000000003667705065				 0.00000001000000000000		0.03192329999999998780
900.00000122339804420335		0.27431213524869108022		0.72568785828715176578		0.00000000000212575928		0.00000000000057419870		0.00000000059295976930		0.00000000000480103993		0.00000000582701892488		0.00000000003667705106				 0.00000001000000000000		0.04471600000000000574
900.00000122339838526386		0.27431213524869102471		0.72568785828715143271		0.00000000000212575929		0.00000000000057419870		0.00000000059295982136		0.00000000000480103993		0.00000000582701904615		0.00000000003667724150				 0.00000001000000000000		0.04926359999999998379
900.00000124837515613763		0.27431213526566589067		0.72568785822221382187		0.00000000007413851932		0.00000000000483607415		0.00000000051744414700		0.00000000000000000000		0.00000000588501650107		0.00000000003641674631				 0.00000001000000000000		0.02905700000000000296
900.00000122339804420335		0.27431213524869108022		0.72568785828715176578		0.00000000000212575928		0.00000000000057419870		0.00000000059295976861		0.00000000000480103993		0.00000000582701892673		0.00000000003667705065				 0.00000001000000000000		0.03217199999999999921
900.00000122339804420335		0.27431213524869108022		0.72568785828715176578		0.00000000000212575928		0.00000000000057419870		0.00000000059295976930		0.00000000000480103993		0.00000000582701892488		0.00000000003667705106				 0.00000001000000000000		0.04430689999999998935
900.00000122339838526386		0.27431213524869102471		0.72568785828715143271		0.00000000000212575929		0.00000000000057419870		0.00000000059295982136		0.00000000000480103993		0.00000000582701904615		0.00000000003667724150				 0.00000001000000000000		0.04927949999999998304
900.00000124837515613763		0.27431213526566589067		0.72568785822221382187		0.00000000007413851932		0.00000000000483607415		0.00000000051744414700		0.00000000000000000000		0.00000000588501650107		0.00000000003641674631				 0.00000001000000000000		0.02914939999999999892
900.00000122339804420335		0.27431213524869108022		0.72568785828715176578		0.00000000000212575928		0.00000000000057419870		0.00000000059295976861		0.00000000000480103993		0.00000000582701892673		0.00000000003667705065				 0.00000001000000000000		0.03259280000000001204
900.00000122339804420335		0.27431213524869108022		0.72568785828715176578		0.00000000000212575928		0.00000000000057419870		0.00000000059295976930		0.00000000000480103993		0.00000000582701892488		0.00000000003667705106				 0.00000001000000000000		0.04580709999999998255
900.00000122339838526386		0.27431213524869102471		0.72568785828715143271		0.00000000000212575929		0.00000000000057419870		0.00000000059295982136		0.00000000000480103993		0.00000000582701904615		0.00000000003667724150				 0.00000001000000000000		0.05098740000000000910
900.00000124837515613763		0.27431213526566589067		0.72568785822221382187		0.00000000007413851932		0.00000000000483607415		0.00000000051744414700		0.00000000000000000000		0.00000000588501650107		0.00000000003641674631				 0.00000001000000000000		0.02937210000000000168
900.00000122339804420335		0.27431213524869108022		0.72568785828715176578		0.00000000000212575928		0.00000000000057419870		0.00000000059295976861		0.00000000000480103993		0.00000000582701892673		0.00000000003667705065				 0.00000001000000000000		0.03321419999999999928
900.00000122339804420335		0.27431213524869108022		0.72568785828715176578		0.00000000000212575928		0.00000000000057419870		0.00000000059295976930		0.00000000000480103993		0.00000000582701892488		0.00000000003667705106				 0.00000001000000000000		0.04601240000000001579
900.00000122339838526386		0.27431213524869102471		0.72568785828715143271		0.00000000000212575929		0.00000000000057419870		0.00000000059295982136		0.00000000000480103993		0.00000000582701904615		0.00000000003667724150				 0.00000001000000000000		0.05131270000000002357
900.00000124837515613763		0.27431213526566589067		0.72568785822221382187		0.00000000007413851932		0.00000000000483607415		0.00000000051744414700		0.00000000000000000000		0.00000000588501650107		0.00000000003641674631				 0.00000001000000000000		0.02930850000000000122
900.00000122339804420335		0.27431213524869108022		0.72568785828715176578		0.00000000000212575928		0.00000000000057419870		0.00000000059295976861		0.00000000000480103993		0.00000000582701892673		0.00000000003667705065				 0.00000001000000000000		0.03509290000000001020
900.00000122339804420335		0.27431213524869108022		0.72568785828715176578		0.00000000000212575928		0.00000000000057419870		0.00000000059295976930		0.00000000000480103993		0.00000000582701892488		0.00000000003667705106				 0.00000001000000000000		0.04803009999999997837
900.00000122339838526386		0.27431213524869102471		0.72568785828715143271		0.00000000000212575929		0.00000000000057419870		0.00000000059295982136		0.00000000000480103993		0.00000000582701904615		0.00000000003667724150				 0.00000001000000000000		0.05147440000000000349
900.00000124837515613763		0.27431213526566589067		0.72568785822221382187		0.00000000007413851932		0.00000000000483607415		0.00000000051744414700		0.00000000000000000000		0.00000000588501650107		0.00000000003641674631				 0.00000001000000000000		0.02937510000000000815
900.00000122339804420335		0.27431213524869108022		0.72568785828715176578		0.00000000000212575928		0.00000000000057419870		0.00000000059295976861		0.00000000000480103993		0.00000000582701892673		0.00000000003667705065				 0.00000001000000000000		0.03325349999999999834
900.00000122339804420335		0.27431213524869108022		0.72568785828715176578		0.00000000000212575928		0.00000000000057419870		0.00000000059295976930		0.00000000000480103993		0.00000000582701892488		0.00000000003667705106				 0.00000001000000000000		0.04653389999999999610
900.00000122339838526386		0.27431213524869102471		0.72568785828715143271		0.00000000000212575929		0.00000000000057419870		0.00000000059295982136		0.00000000000480103993		0.00000000582701904615		0.00000000003667724150				 0.00000001000000000000		0.05100579999999999004
900.00000124837515613763		0.27431213526566589067		0.72568785822221382187		0.00000000007413851932		0.00000000000483607415		0.00000000051744414700		0.00000000000000000000		0.00000000588501650107		0.00000000003641674631				 0.00000001000000000000		0.02946910000000000154
900.00000122339804420335		0.27431213524869108022		0.72568785828715176578		0.00000000000212575928		0.00000000000057419870		0.00000000059295976861		0.00000000000480103993		0.00000000582701892673		0.00000000003667705065				 0.00000001000000000000		0.03273519999999999902
900.00000122339804420335		0.27431213524869108022		0.72568785828715176578		0.00000000000212575928		0.00000000000057419870		0.00000000059295976930		0.00000000000480103993		0.00000000582701892488		0.00000000003667705106				 0.00000001000000000000		0.04618560000000001414
900.00000122339838526386		0.27431213524869102471		0.72568785828715143271		0.00000000000212575929		0.00000000000057419870		0.00000000059295982136		0.00000000000480103993		0.00000000582701904615		0.00000000003667724150				 0.00000001000000000000		0.05466740000000000488
900.00000124837515613763		0.27431213526566589067		0.72568785822221382187		0.00000000007413851932		0.00000000000483607415		0.00000000051744414700		0.00000000000000000000		0.00000000588501650107		0.00000000003641674631				 0.00000001000000000000		0.02945099999999998761
900.00000122339804420335		0.27431213524869108022		0.72568785828715176578		0.00000000000212575928		0.00000000000057419870		0.00000000059295976861		0.00000000000480103993		0.00000000582701892673		0.00000000003667705065				 0.00000001000000000000		0.03330459999999999671
900.00000122339804420335		0.27431213524869108022		0.72568785828715176578		0.00000000000212575928		0.00000000000057419870		0.00000000059295976930		0.00000000000480103993		0.00000000582701892488		0.00000000003667705106				 0.00000001000000000000		0.04751049999999999718
900.00000122339838526386		0.27431213524869102471		0.72568785828715143271		0.00000000000212575929		0.00000000000057419870		0.00000000059295982136		0.00000000000480103993		0.00000000582701904615		0.00000000003667724150				 0.00000001000000000000		0.05108309999999999934
900.00000122339804420335		0.27431213524869108022		0.72568785828715176578		0.00000000000212575928		0.00000000000057419870		0.00000000059295976861		0.00000000000480103993		0.00000000582701892673		0.00000000003667705065				 0.00000001000000000000		0.03306490000000000123
900.00000122339804420335		0.27431213524869108022		0.72568785828715176578		0.00000000000212575928		0.00000000000057419870		0.00000000059295976930		0.00000000000480103993		0.00000000582701892488		0.00000000003667705106				 0.00000001000000000000		0.04591940000000001298
900.00000122339838526386		0.27431213524869102471		0.72568785828715143271		0.00000000000212575929		0.00000000000057419870		0.00000000059295982136		0.00000000000480103993		0.00000000582701904615		0.00000000003667724150				 0.00000001000000000000		0.05086790000000002143
900.00000124837515613763		0.27431213526566589067		0.72568785822221382187		0.00000000007413851932		0.00000000000483607415		0.00000000051744414700		0.00000000000000000000		0.00000000588501650107		0.00000000003641674631				 0.00000001000000000000		0.02926530000000000450
900.00000122339804420335		0.27431213524869108022		0.72568785828715176578		0.00000000000212575928		0.00000000000057419870		0.00000000059295976861		0.00000000000480103993		0.00000000582701892673		0.00000000003667705065				 0.00000001000000000000		0.03258390000000001979
900.00000122339804420335		0.27431213524869108022		0.72568785828715176578		0.00000000000212575928		0.00000000000057419870		0.00000000059295976930		0.00000000000480103993		0.00000000582701892488		0.00000000003667705106				 0.00000001000000000000		0.04565130000000001270
900.00000122339838526386		0.27431213524869102471		0.72568785828715143271		0.00000000000212575929		0.00000000000057419870		0.00000000059295982136		0.00000000000480103993		0.00000000582701904615		0.00000000003667724150				 0.00000001000000000000		0.05135030000000001538
900.00000124837515613763		0.27431213526566589067		0.72568785822221382187		0.00000000007413851932		0.00000000000483607415		0.00000000051744414700		0.00000000000000000000		0.00000000588501650107		0.00000000003641674631				 0.00000001000000000000		0.02935660000000000006
900.00000122339804420335		0.27431213524869108022		0.72568785828715176578		0.00000000000212575928		0.00000000000057419870		0.00000000059295976861		0.00000000000480103993		0.00000000582701892673		0.00000000003667705065				 0.00000001000000000000		0.03306900000000000117
900.00000122339804420335		0.27431213524869108022		0.72568785828715176578		0.00000000000212575928		0.00000000000057419870		0.00000000059295976930		0.00000000000480103993		0.00000000582701892488		0.00000000003667705106				 0.00000001000000000000		0.04566799999999999332
900.00000122339838526386		0.27431213524869102471		0.72568785828715143271		0.00000000000212575929		0.00000000000057419870		0.00000000059295982136		0.00000000000480103993		0.00000000582701904615		0.00000000003667724150				 0.00000001000000000000		0.05101789999999998410
900.00000124837515613763		0.27431213526566589067		0.72568785822221382187		0.00000000007413851932		0.00000000000483607415		0.00000000051744414700		0.00000000000000000000		0.00000000588501650107		0.00000000003641674631				 0.00000001000000000000		0.02948890000000000192
900.00000122339804420335		0.27431213524869108022		0.72568785828715176578		0.00000000000212575928		0.00000000000057419870		0.00000000059295976861		0.00000000000480103993		0.00000000582701892673		0.00000000003667705065				 0.00000001000000000000		0.03310100000000000542
900.00000122339804420335		0.27431213524869108022		0.72568785828715176578		0.00000000000212575928		0.00000000000057419870		0.00000000059295976930		0.00000000000480103993		0.00000000582701892488		0.00000000003667705106				 0.00000001000000000000		0.04791739999999999194
900.00000122339838526386		0.27431213524869102471		0.72568785828715143271		0.00000000000212575929		0.00000000000057419870		0.00000000059295982136		0.00000000000480103993		0.00000000582701904615		0.00000000003667724150				 0.00000001000000000000		0.05098329999999999529
900.00000124837515613763		0.27431213526566589067		0.72568785822221382187		0.00000000007413851932		0.00000000000483607415		0.00000000051744414700		0.00000000000000000000		0.00000000588501650107		0.00000000003641674631				 0.00000001000000000000		0.02984909999999999994
900.00000122339804420335		0.27431213524869108022		0.72568785828715176578		0.00000000000212575928		0.00000000000057419870		0.00000000059295976861		0.00000000000480103993		0.00000000582701892673		0.00000000003667705065				 0.00000001000000000000		0.03310309999999999642
900.00000122339804420335		0.27431213524869108022		0.72568785828715176578		0.00000000000212575928		0.00000000000057419870		0.00000000059295976930		0.00000000000480103993		0.00000000582701892488		0.00000000003667705106				 0.00000001000000000000		0.04560199999999998283
900.00000122339838526386		0.27431213524869102471		0.72568785828715143271		0.00000000000212575929		0.00000000000057419870		0.00000000059295982136		0.00000000000480103993		0.00000000582701904615		0.00000000003667724150				 0.00000001000000000000		0.05263870000000001742
900.00000124837515613763		0.27431213526566589067		0.72568785822221382187		0.00000000007413851932		0.00000000000483607415		0.00000000051744414700		0.00000000000000000000		0.00000000588501650107		0.00000000003641674631				 0.00000001000000000000		0.02940500000000000058
900.00000122339804420335		0.27431213524869108022		0.72568785828715176578		0.00000000000212575928		0.00000000000057419870		0.00000000059295976861		0.00000000000480103993		0.00000000582701892673		0.00000000003667705065				 0.00000001000000000000		0.03361820000000000086
900.00000122339804420335		0.27431213524869108022		0.72568785828715176578		0.00000000000212575928		0.00000000000057419870		0.00000000059295976930		0.00000000000480103993		0.00000000582701892488		0.00000000003667705106				 0.00000001000000000000		0.04715760000000000091
900.00000122339838526386		0.27431213524869102471		0.72568785828715143271		0.00000000000212575929		0.00000000000057419870		0.00000000059295982136		0.00000000000480103993		0.00000000582701904615		0.00000000003667724150				 0.00000001000000000000		0.05219010000000000316
900.00000124837515613763		0.27431213526566589067		0.72568785822221382187		0.00000000007413851932		0.00000000000483607415		0.00000000051744414700		0.00000000000000000000		0.00000000588501650107		0.00000000003641674631				 0.00000001000000000000		0.03022410000000000721
900.00000122339804420335		0.27431213524869108022		0.72568785828715176578		0.00000000000212575928		0.00000000000057419870		0.00000000059295976861		0.00000000000480103993		0.00000000582701892673		0.00000000003667705065				 0.00000001000000000000		0.03437439999999998552
900.00000122339804420335		0.27431213524869108022		0.72568785828715176578		0.00000000000212575928		0.00000000000057419870		0.00000000059295976930		0.00000000000480103993		0.00000000582701892488		0.00000000003667705106				 0.00000001000000000000		0.04726630000000001108
900.00000122339838526386		0.27431213524869102471		0.72568785828715143271		0.00000000000212575929		0.00000000000057419870		0.00000000059295982136		0.00000000000480103993		0.00000000582701904615		0.00000000003667724150				 0.00000001000000000000		0.05287790000000001239
900.00000124837515613763		0.27431213526566589067		0.72568785822221382187		0.00000000007413851932		0.00000000000483607415		0.00000000051744414700		0.00000000000000000000		0.00000000588501650107		0.00000000003641674631				 0.00000001000000000000		0.03087859999999998870
900.00000122339804420335		0.27431213524869108022		0.72568785828715176578		0.00000000000212575928		0.00000000000057419870		0.00000000059295976861		0.00000000000480103993		0.00000000582701892673		0.00000000003667705065				 0.00000001000000000000		0.03365290000000001336
900.00000122339804420335		0.27431213524869108022		0.72568785828715176578		0.00000000000212575928		0.00000000000057419870		0.00000000059295976930		0.00000000000480103993		0.00000000582701892488		0.00000000003667705106				 0.00000001000000000000		0.04892279999999999546
900.00000122339838526386		0.27431213524869102471		0.72568785828715143271		0.00000000000212575929		0.00000000000057419870		0.00000000059295982136		0.00000000000480103993		0.00000000582701904615		0.00000000003667724150				 0.00000001000000000000		0.05332279999999998965
900.00000124837515613763		0.27431213526566589067		0.72568785822221382187		0.00000000007413851932		0.00000000000483607415		0.00000000051744414700		0.00000000000000000000		0.00000000588501650107		0.00000000003641674631				 0.00000001000000000000		0.03060069999999999804
900.00000122339804420335		0.27431213524869108022		0.72568785828715176578		0.00000000000212575928		0.00000000000057419870		0.00000000059295976861		0.00000000000480103993		0.00000000582701892673		0.00000000003667705065				 0.00000001000000000000		0.03430950000000000666
900.00000122339804420335		0.27431213524869108022		0.72568785828715176578		0.00000000000212575928		0.00000000000057419870		0.00000000059295976930		0.00000000000480103993		0.00000000582701892488		0.00000000003667705106				 0.00000001000000000000		0.04712559999999999666
900.00000122339838526386		0.27431213524869102471		0.72568785828715143271		0.00000000000212575929		0.00000000000057419870		0.00000000059295982136		0.00000000000480103993		0.00000000582701904615		0.00000000003667724150				 0.00000001000000000000		0.05244920000000002913
900.00000124837515613763		0.27431213526566589067		0.72568785822221382187		0.00000000007413851932		0.00000000000483607415		0.00000000051744414700		0.00000000000000000000		0.00000000588501650107		0.00000000003641674631				 0.00000001000000000000		0.02989719999999999531
900.00000122339804420335		0.27431213524869108022		0.72568785828715176578		0.00000000000212575928		0.00000000000057419870		0.00000000059295976861		0.00000000000480103993		0.00000000582701892673		0.00000000003667705065				 0.00000001000000000000		0.03314500000000001473
900.00000122339804420335		0.27431213524869108022		0.72568785828715176578		0.00000000000212575928		0.00000000000057419870		0.00000000059295976930		0.00000000000480103993		0.00000000582701892488		0.00000000003667705106				 0.00000001000000000000		0.04689790000000002707
900.00000122339838526386		0.27431213524869102471		0.72568785828715143271		0.00000000000212575929		0.00000000000057419870		0.00000000059295982136		0.00000000000480103993		0.00000000582701904615		0.00000000003667724150				 0.00000001000000000000		0.05209889999999999660
900.00000124837515613763		0.27431213526566589067		0.72568785822221382187		0.00000000007413851932		0.00000000000483607415		0.00000000051744414700		0.00000000000000000000		0.00000000588501650107		0.00000000003641674631				 0.00000001000000000000		0.02954799999999999441
900.00000122339804420335		0.27431213524869108022		0.72568785828715176578		0.00000000000212575928		0.00000000000057419870		0.00000000059295976861		0.00000000000480103993		0.00000000582701892673		0.00000000003667705065				 0.00000001000000000000		0.03553049999999998571
900.00000122339804420335		0.27431213524869108022		0.72568785828715176578		0.00000000000212575928		0.00000000000057419870		0.00000000059295976930		0.00000000000480103993		0.00000000582701892488		0.00000000003667705106				 0.00000001000000000000		0.04731089999999996826
900.00000122339838526386		0.27431213524869102471		0.72568785828715143271		0.00000000000212575929		0.00000000000057419870		0.00000000059295982136		0.00000000000480103993		0.00000000582701904615		0.00000000003667724150				 0.00000001000000000000		0.05271640000000000353
900.00000124837515613763		0.27431213526566589067		0.72568785822221382187		0.00000000007413851932		0.00000000000483607415		0.00000000051744414700		0.00000000000000000000		0.00000000588501650107		0.00000000003641674631				 0.00000001000000000000		0.02949059999999999529
900.00000122339804420335		0.27431213524869108022		0.72568785828715176578		0.00000000000212575928		0.00000000000057419870		0.00000000059295976861		0.00000000000480103993		0.00000000582701892673		0.00000000003667705065				 0.00000001000000000000		0.03319190000000000335
900.00000122339804420335		0.27431213524869108022		0.72568785828715176578		0.00000000000212575928		0.00000000000057419870		0.00000000059295976930		0.00000000000480103993		0.00000000582701892488		0.00000000003667705106				 0.00000001000000000000		0.04719519999999999965
900.00000122339838526386		0.27431213524869102471		0.72568785828715143271		0.00000000000212575929		0.00000000000057419870		0.00000000059295982136		0.00000000000480103993		0.00000000582701904615		0.00000000003667724150				 0.00000001000000000000		0.05205679999999997948
900.00000124837515613763		0.27431213526566589067		0.72568785822221382187		0.00000000007413851932		0.00000000000483607415		0.00000000051744414700		0.00000000000000000000		0.00000000588501650107		0.00000000003641674631				 0.00000001000000000000		0.02961610000000000978
900.00000122339804420335		0.27431213524869108022		0.72568785828715176578		0.00000000000212575928		0.00000000000057419870		0.00000000059295976861		0.00000000000480103993		0.00000000582701892673		0.00000000003667705065				 0.00000001000000000000		0.03322180000000000272
900.00000122339804420335		0.27431213524869108022		0.72568785828715176578		0.00000000000212575928		0.00000000000057419870		0.00000000059295976930		0.00000000000480103993		0.00000000582701892488		0.00000000003667705106				 0.00000001000000000000		0.04687310000000000781
900.00000122339838526386		0.27431213524869102471		0.72568785828715143271		0.00000000000212575929		0.00000000000057419870		0.00000000059295982136		0.00000000000480103993		0.00000000582701904615		0.00000000003667724150				 0.00000001000000000000		0.05456520000000001508
900.00000124837515613763		0.27431213526566589067		0.72568785822221382187		0.00000000007413851932		0.00000000000483607415		0.00000000051744414700		0.00000000000000000000		0.00000000588501650107		0.00000000003641674631				 0.00000001000000000000		0.02937499999999999833
900.00000122339804420335		0.27431213524869108022		0.72568785828715176578		0.00000000000212575928		0.00000000000057419870		0.00000000059295976861		0.00000000000480103993		0.00000000582701892673		0.00000000003667705065				 0.00000001000000000000		0.03274710000000000815
900.00000122339804420335		0.27431213524869108022		0.72568785828715176578		0.00000000000212575928		0.00000000000057419870		0.00000000059295976930		0.00000000000480103993		0.00000000582701892488		0.00000000003667705106				 0.00000001000000000000		0.04635709999999999137
900.00000122339838526386		0.27431213524869102471		0.72568785828715143271		0.00000000000212575929		0.00000000000057419870		0.00000000059295982136		0.00000000000480103993		0.00000000582701904615		0.00000000003667724150				 0.00000001000000000000		0.05115320000000000977
900.00000124837515613763		0.27431213526566589067		0.72568785822221382187		0.00000000007413851932		0.00000000000483607415		0.00000000051744414700		0.00000000000000000000		0.00000000588501650107		0.00000000003641674631				 0.00000001000000000000		0.02967110000000000580
900.00000122339804420335		0.27431213524869108022		0.72568785828715176578		0.00000000000212575928		0.00000000000057419870		0.00000000059295976861		0.00000000000480103993		0.00000000582701892673		0.00000000003667705065				 0.00000001000000000000		0.03259609999999998203
900.00000122339804420335		0.27431213524869108022		0.72568785828715176578		0.00000000000212575928		0.00000000000057419870		0.00000000059295976930		0.00000000000480103993		0.00000000582701892488		0.00000000003667705106				 0.00000001000000000000		0.04590459999999997598
900.00000122339838526386		0.27431213524869102471		0.72568785828715143271		0.00000000000212575929		0.00000000000057419870		0.00000000059295982136		0.00000000000480103993		0.00000000582701904615		0.00000000003667724150				 0.00000001000000000000		0.05136659999999999143
900.00000124837515613763		0.27431213526566589067		0.72568785822221382187		0.00000000007413851932		0.00000000000483607415		0.00000000051744414700		0.00000000000000000000		0.00000000588501650107		0.00000000003641674631				 0.00000001000000000000		0.02949289999999999898
900.00000122339804420335		0.27431213524869108022		0.72568785828715176578		0.00000000000212575928		0.00000000000057419870		0.00000000059295976861		0.00000000000480103993		0.00000000582701892673		0.00000000003667705065				 0.00000001000000000000		0.03365470000000000267
900.00000122339804420335		0.27431213524869108022		0.72568785828715176578		0.00000000000212575928		0.00000000000057419870		0.00000000059295976930		0.00000000000480103993		0.00000000582701892488		0.00000000003667705106				 0.00000001000000000000		0.04871080000000000548
900.00000122339838526386		0.27431213524869102471		0.72568785828715143271		0.00000000000212575929		0.00000000000057419870		0.00000000059295982136		0.00000000000480103993		0.00000000582701904615		0.00000000003667724150				 0.00000001000000000000		0.05351360000000000144
900.00000124837515613763		0.27431213526566589067		0.72568785822221382187		0.00000000007413851932		0.00000000000483607415		0.00000000051744414700		0.00000000000000000000		0.00000000588501650107		0.00000000003641674631				 0.00000001000000000000		0.02980249999999998872
900.00000122339804420335		0.27431213524869108022		0.72568785828715176578		0.00000000000212575928		0.00000000000057419870		0.00000000059295976861		0.00000000000480103993		0.00000000582701892673		0.00000000003667705065				 0.00000001000000000000		0.03675820000000000476
900.00000122339804420335		0.27431213524869108022		0.72568785828715176578		0.00000000000212575928		0.00000000000057419870		0.00000000059295976930		0.00000000000480103993		0.00000000582701892488		0.00000000003667705106				 0.00000001000000000000		0.05398120000000000696
900.00000122339838526386		0.27431213524869102471		0.72568785828715143271		0.00000000000212575929		0.00000000000057419870		0.00000000059295982136		0.00000000000480103993		0.00000000582701904615		0.00000000003667724150				 0.00000001000000000000		0.06262100000000002387
900.00000124837515613763		0.27431213526566589067		0.72568785822221382187		0.00000000007413851932		0.00000000000483607415		0.00000000051744414700		0.00000000000000000000		0.00000000588501650107		0.00000000003641674631				 0.00000001000000000000		0.03229999999999998150
900.00000122339804420335		0.27431213524869108022		0.72568785828715176578		0.00000000000212575928		0.00000000000057419870		0.00000000059295976861		0.00000000000480103993		0.00000000582701892673		0.00000000003667705065				 0.00000001000000000000		0.03366290000000000254
900.00000122339804420335		0.27431213524869108022		0.72568785828715176578		0.00000000000212575928		0.00000000000057419870		0.00000000059295976930		0.00000000000480103993		0.00000000582701892488		0.00000000003667705106				 0.00000001000000000000		0.04856199999999998018
900.00000122339838526386		0.27431213524869102471		0.72568785828715143271		0.00000000000212575929		0.00000000000057419870		0.00000000059295982136		0.00000000000480103993		0.00000000582701904615		0.00000000003667724150				 0.00000001000000000000		0.05344439999999998220
900.00000124837515613763		0.27431213526566589067		0.72568785822221382187		0.00000000007413851932		0.00000000000483607415		0.00000000051744414700		0.00000000000000000000		0.00000000588501650107		0.00000000003641674631				 0.00000001000000000000		0.02970910000000000564
900.00000122339804420335		0.27431213524869108022		0.72568785828715176578		0.00000000000212575928		0.00000000000057419870		0.00000000059295976861		0.00000000000480103993		0.00000000582701892673		0.00000000003667705065				 0.00000001000000000000		0.03588540000000001173
900.00000122339804420335		0.27431213524869108022		0.72568785828715176578		0.00000000000212575928		0.00000000000057419870		0.00000000059295976930		0.00000000000480103993		0.00000000582701892488		0.00000000003667705106				 0.00000001000000000000		0.05198799999999998561
900.00000122339838526386		0.27431213524869102471		0.72568785828715143271		0.00000000000212575929		0.00000000000057419870		0.00000000059295982136		0.00000000000480103993		0.00000000582701904615		0.00000000003667724150				 0.00000001000000000000		0.05745120000000000782
900.00000124837515613763		0.27431213526566589067		0.72568785822221382187		0.00000000007413851932		0.00000000000483607415		0.00000000051744414700		0.00000000000000000000		0.00000000588501650107		0.00000000003641674631				 0.00000001000000000000		0.03117359999999999923
900.00000122339804420335		0.27431213524869108022		0.72568785828715176578		0.00000000000212575928		0.00000000000057419870		0.00000000059295976861		0.00000000000480103993		0.00000000582701892673		0.00000000003667705065				 0.00000001000000000000		0.03707030000000001435
900.00000122339804420335		0.27431213524869108022		0.72568785828715176578		0.00000000000212575928		0.00000000000057419870		0.00000000059295976930		0.00000000000480103993		0.00000000582701892488		0.00000000003667705106				 0.00000001000000000000		0.05235159999999997732
900.00000122339838526386		0.27431213524869102471		0.72568785828715143271		0.00000000000212575929		0.00000000000057419870		0.00000000059295982136		0.00000000000480103993		0.00000000582701904615		0.00000000003667724150				 0.00000001000000000000		0.05774009999999998172
900.00000124837515613763		0.27431213526566589067		0.72568785822221382187		0.00000000007413851932		0.00000000000483607415		0.00000000051744414700		0.00000000000000000000		0.00000000588501650107		0.00000000003641674631				 0.00000001000000000000		0.03120300000000000157
900.00000122339804420335		0.27431213524869108022		0.72568785828715176578		0.00000000000212575928		0.00000000000057419870		0.00000000059295976861		0.00000000000480103993		0.00000000582701892673		0.00000000003667705065				 0.00000001000000000000		0.03631470000000000531
900.00000122339804420335		0.27431213524869108022		0.72568785828715176578		0.00000000000212575928		0.00000000000057419870		0.00000000059295976930		0.00000000000480103993		0.00000000582701892488		0.00000000003667705106				 0.00000001000000000000		0.05261129999999999279
900.00000122339838526386		0.27431213524869102471		0.72568785828715143271		0.00000000000212575929		0.00000000000057419870		0.00000000059295982136		0.00000000000480103993		0.00000000582701904615		0.00000000003667724150				 0.00000001000000000000		0.05785629999999999246
900.00000124837515613763		0.27431213526566589067		0.72568785822221382187		0.00000000007413851932		0.00000000000483607415		0.00000000051744414700		0.00000000000000000000		0.00000000588501650107		0.00000000003641674631				 0.00000001000000000000		0.03109649999999999914
900.00000122339804420335		0.27431213524869108022		0.72568785828715176578		0.00000000000212575928		0.00000000000057419870		0.00000000059295976861		0.00000000000480103993		0.00000000582701892673		0.00000000003667705065				 0.00000001000000000000		0.03854499999999999593
900.00000122339804420335		0.27431213524869108022		0.72568785828715176578		0.00000000000212575928		0.00000000000057419870		0.00000000059295976930		0.00000000000480103993		0.00000000582701892488		0.00000000003667705106				 0.00000001000000000000		0.05228000000000001396
900.00000122339838526386		0.27431213524869102471		0.72568785828715143271		0.00000000000212575929		0.00000000000057419870		0.00000000059295982136		0.00000000000480103993		0.00000000582701904615		0.00000000003667724150				 0.00000001000000000000		0.05894110000000000321
900.00000124837515613763		0.27431213526566589067		0.72568785822221382187		0.00000000007413851932		0.00000000000483607415		0.00000000051744414700		0.00000000000000000000		0.00000000588501650107		0.00000000003641674631				 0.00000001000000000000		0.03189870000000000899
900.00000122339804420335		0.27431213524869108022		0.72568785828715176578		0.00000000000212575928		0.00000000000057419870		0.00000000059295976861		0.00000000000480103993		0.00000000582701892673		0.00000000003667705065				 0.00000001000000000000		0.03690949999999997705
900.00000122339804420335		0.27431213524869108022		0.72568785828715176578		0.00000000000212575928		0.00000000000057419870		0.00000000059295976930		0.00000000000480103993		0.00000000582701892488		0.00000000003667705106				 0.00000001000000000000		0.05185669999999999863
900.00000122339838526386		0.27431213524869102471		0.72568785828715143271		0.00000000000212575929		0.00000000000057419870		0.00000000059295982136		0.00000000000480103993		0.00000000582701904615		0.00000000003667724150				 0.00000001000000000000		0.05737540000000000695
900.00000124837515613763		0.27431213526566589067		0.72568785822221382187		0.00000000007413851932		0.00000000000483607415		0.00000000051744414700		0.00000000000000000000		0.00000000588501650107		0.00000000003641674631				 0.00000001000000000000		0.03046629999999999130
